0.9812911762144316 0.9405401287173272 1.052008490555674 0 0 0 0 0 0 0 1
1.0398635460141485 1.0719382465274598 0.9683238374428045 0 0 0 0 0 0 0 1
1.073961001424986 0.9840132523586105 1.0874024598017762 0 0 0 0 0 0 0 1
1.0966453528517037 1.036715366012204 1.050755197842896 0 0 0 0 0 0 0 1
1.047147831106194 1.0055333787829974 1.0689233712293076 0 0 0 0 0 0 0 1
1.0817945069041408 0.9526781102986815 0.9136142241664679 0 0 0 0 0 0 0 1
0.9390798382083276 1.0403760845276833 1.0355528358924446 0 0 0 0 0 0 0 1
1.0652889601922568 0.9302021576170569 1.060782709518776 0 0 0 0 0 0 0 1
1.0411692923833828 1.0490126335151533 0.9872164284296264 0 0 0 0 0 0 0 1
1.0581047072744898 1.0600077317949919 1.0826349569702813 0 0 0 0 0 0 0 1
0.9205968491931409 0.9776354820350925 1.0432824055738825 0 0 0 0 0 0 0 1
0.9511039763693573 0.9046798258634047 1.0556014152010142 0 0 0 0 0 0 0 1
0.931147982561405 1.0943845227439526 1.0331957514481274 0 0 0 0 0 0 0 1
0.9199980981569799 0.9279474346065149 0.960156870215092 0 0 0 0 0 0 0 1
1.0571041310890619 1.0129785762329186 1.0679904114026708 0 0 0 0 0 0 0 1
1.0290662072171515 0.9247424855967843 1.098977893462361 0 0 0 0 0 0 0 1
1.0282479914173586 1.008407804639299 1.0063996747820547 0 0 0 0 0 0 0 1
1.099165761798082 1.0841367524401309 0.9785870011713679 0 0 0 0 0 0 0 1
0.9272744730466016 1.0970754328373309 1.0017295298932174 0 0 0 0 0 0 0 1
0.9054103309176416 0.91698909762229 1.0653384598027986 0 0 0 0 0 0 0 1
0.9371328723768317 0.942446806637642 0.9567058608932635 0 0 0 0 0 0 0 1
0.938683460734018 1.052620825737265 0.9550937380256115 0 0 0 0 0 0 0 1
0.9281275621031236 0.94467060160368 0.9479430243519472 0 0 0 0 0 0 0 1
0.9239123512821236 1.088054429537442 0.9655077593205247 0 0 0 0 0 0 0 1
0.9808190188691583 1.0786539419178174 1.044150478652026 0 0 0 0 0 0 0 1
0.9673906752326955 1.0561654177578488 1.076993009033502 0 0 0 0 0 0 0 1
1.060651198893443 0.9714720567896517 1.0944528294016422 0 0 0 0 0 0 0 1
1.08224510017426 0.9083765173751998 1.0687918729902721 0 0 0 0 0 0 0 1
0.9621341436202613 0.9503200576730523 0.965065502972131 0 0 0 0 0 0 0 1
1.0279025150894525 0.9393097705127067 1.086316613465652 0 0 0 0 0 0 0 1
0.9223890346625232 0.9078686199789529 1.0969020690076732 0 0 0 0 0 0 0 1
1.0233128941687661 1.0950112308003994 0.9366379405373801 0 0 0 0 0 0 0 1
0.9874798123732441 1.0027541096882961 0.9653244624050866 0 0 0 0 0 0 0 1
0.9056770308807516 1.0011157500092924 0.9813919307765716 0 0 0 0 0 0 0 1
0.9001050699517746 1.0231252095220453 0.9977132525315255 0 0 0 0 0 0 0 1
1.004296999696575 0.960322987304973 1.0413118285021326 0 0 0 0 0 0 0 1
1.0908251106674614 1.0582451004703555 1.0714868493065517 0 0 0 0 0 0 0 1
0.9360344628602085 0.9032482517632417 1.0162039662644422 0 0 0 0 0 0 0 1
0.9727353320855097 1.0173650678194446 0.9146687713700576 0 0 0 0 0 0 0 1
1.043688373518247 1.0322770192909867 0.9991906638750522 0 0 0 0 0 0 0 1
1.0036735825069187 0.9315786945882015 1.0685122360323862 0 0 0 0 0 0 0 1
0.9994488970851088 0.9299169408140191 0.9189485161696895 0 0 0 0 0 0 0 1
1.0815276760438128 0.9433352298865647 1.0237584311681176 0 0 0 0 0 0 0 1
0.9766248146974033 0.9096396389076781 0.9684843768528597 0 0 0 0 0 0 0 1
1.0361865500874978 0.9410295075970655 1.0180924080865004 0 0 0 0 0 0 0 1
1.0939122666068302 1.0573651196360425 0.957752118208169 0 0 0 0 0 0 0 1
1.0416964518698317 0.9872709252358726 1.0804033308383114 0 0 0 0 0 0 0 1
1.061068968586085 0.910738098432295 1.0515798211497795 0 0 0 0 0 0 0 1
1.0471288283670432 0.9034210985330218 1.0364011188497273 0 0 0 0 0 0 0 1
1.0862563164081562 0.9852389585606058 1.0342234561374708 0 0 0 0 0 0 0 1
