1.0359854948995206 0.06288547591537835 0.06555138200912053 0 0 0 1 0 0 0 0
1.0276388227294682 -0.07007364369100413 0.049568572435961133 0 0 0 1 0 0 0 0
1.0267008127349844 0.004005019072931756 -0.01855861693121838 0 0 0 1 0 0 0 0
1.0768305490512526 0.07999643232285877 0.04677823633900355 0 0 0 1 0 0 0 0
0.9884084139720158 0.016274180345078146 -0.024475221518111906 0 0 0 1 0 0 0 0
1.012272447735403 -0.020703092864373066 0.0013988312135757852 0 0 0 1 0 0 0 0
0.9566124214624708 -0.003684002238629816 0.003926499543758205 0 0 0 1 0 0 0 0
0.9353989255832877 0.08873273413691099 0.0704507326359062 0 0 0 1 0 0 0 0
1.0751969358976805 0.00856433847438312 -0.07380548095823698 0 0 0 1 0 0 0 0
0.9637870651957205 -0.09774016403505147 -0.04218848752015339 0 0 0 1 0 0 0 0
0.9039931966528569 0.06282423390145911 0.0920514363535399 0 0 0 1 0 0 0 0
0.9761911214304223 0.07238432177441753 0.0580408714783654 0 0 0 1 0 0 0 0
0.9548488802023816 0.01981126443166155 -0.0041859990304979056 0 0 0 1 0 0 0 0
0.9558988812041677 -0.06703241656664002 -0.06365982716258119 0 0 0 1 0 0 0 0
0.9521810783565208 0.03443632713667372 -0.0606754479574982 0 0 0 1 0 0 0 0
1.0267957605152025 0.07258103193921897 0.07420747117879553 0 0 0 1 0 0 0 0
1.0601629063899614 -0.04548443714279631 0.07700343097128515 0 0 0 1 0 0 0 0
1.0779411122255547 0.05772169625644086 0.08327670594630351 0 0 0 1 0 0 0 0
1.0778326970164067 -0.0766055311626172 -0.015205306014929837 0 0 0 1 0 0 0 0
0.9293696338666706 0.009683743217197921 -0.09605987071087443 0 0 0 1 0 0 0 0
1.0602712666371747 0.023256839418164657 -0.09151551706189039 0 0 0 1 0 0 0 0
1.09583672525984 -0.042714779334419875 -0.03812971089015447 0 0 0 1 0 0 0 0
0.9138285978502461 0.029535558140549367 -0.07408648119992459 0 0 0 1 0 0 0 0
0.9043441355422877 0.07152878080460368 0.008455197643741613 0 0 0 1 0 0 0 0
0.9580184672131237 -0.0779632193661381 0.06862480668219842 0 0 0 1 0 0 0 0
1.0543114308480035 -0.04161820408938197 0.05795148073527798 0 0 0 1 0 0 0 0
1.042078229596127 -0.0781273601851285 0.0658655032988466 0 0 0 1 0 0 0 0
0.9968061691969402 -0.080013333395332 -0.03664718265176484 0 0 0 1 0 0 0 0
0.9133424120905047 0.0979046779274364 -0.06776422924670467 0 0 0 1 0 0 0 0
0.9025284191615749 -0.05543067014225314 0.014647344947792698 0 0 0 1 0 0 0 0
0.9835961433772002 0.09764859957362812 0.03532141111125381 0 0 0 1 0 0 0 0
1.0934718387880769 -0.09400482830905062 -0.013781863288060414 0 0 0 1 0 0 0 0
1.0328930657805586 -0.0864451146131553 0.061474629098730166 0 0 0 1 0 0 0 0
1.062792781225456 -0.004659846651531477 0.08750942249296287 0 0 0 1 0 0 0 0
0.9892948689362981 -0.045061620587813316 0.01216897632431127 0 0 0 1 0 0 0 0
1.0618085861423012 -0.025837322627049658 0.06315028488981847 0 0 0 1 0 0 0 0
0.9432030961508338 -0.0942126328353097 0.001415065017227407 0 0 0 1 0 0 0 0
1.0497408435401299 -0.06531607152807586 0.0125383343922221 0 0 0 1 0 0 0 0
1.0165593725823256 -0.013082461600578993 0.00896710163066794 0 0 0 1 0 0 0 0
0.9580541329237333 -0.07200853397702285 -0.06013257027307837 0 0 0 1 0 0 0 0
1.0137278471492568 0.03908096750122472 -0.043618851106937084 0 0 0 1 0 0 0 0
0.9514608193202996 -0.010507595336351372 0.031713034851097915 0 0 0 1 0 0 0 0
0.9765588307469993 0.04775117353259148 -0.07199566899563668 0 0 0 1 0 0 0 0
1.0298055309975296 -0.03659764910176036 -0.00048787199713822005 0 0 0 1 0 0 0 0
0.9510231938584426 0.001692074832256238 -0.09968464484031819 0 0 0 1 0 0 0 0
1.0285743046585656 0.04600525873329622 0.08579963517923961 0 0 0 1 0 0 0 0
0.9017445069730826 0.04209638171928742 -0.05754393549708539 0 0 0 1 0 0 0 0
0.9456023117587657 -0.056751861064736446 -0.06377752171675657 0 0 0 1 0 0 0 0
0.9679520247431048 0.044229586082645544 0.005499047025417217 0 0 0 1 0 0 0 0
1.0962775756008063 0.04618675753718249 0.06650120635539156 0 0 0 1 0 0 0 0
