0.005035272411260228 -0.007781710594291599 0.9813458183147429 0 1 0 0 0 0 0 0
-0.046059940847881814 0.07072361972783722 0.9859045976766281 0 1 0 0 0 0 0 0
-0.07962627986253501 0.06519812277088666 1.066192712354001 0 1 0 0 0 0 0 0
0.0034404510287394247 0.0701752731625874 1.0761003215860558 0 1 0 0 0 0 0 0
-0.09288911456924592 -0.06051016149720037 1.0137743764489722 0 1 0 0 0 0 0 0
0.013770116642272262 0.07443602646103645 1.0872540315740273 0 1 0 0 0 0 0 0
-0.05439505786082471 -0.08207653843660462 1.0706921726221046 0 1 0 0 0 0 0 0
-0.04446763173716511 -0.01704209329102087 1.095842739247948 0 1 0 0 0 0 0 0
0.06371884583415419 -0.01747840205975741 0.9468882657601444 0 1 0 0 0 0 0 0
-0.08387190337887203 0.036024426292214834 1.0597756880793066 0 1 0 0 0 0 0 0
-0.040555725757037676 0.07732170724873658 0.9863095429388362 0 1 0 0 0 0 0 0
0.0935887782742601 0.05031443493335405 1.0056694770164332 0 1 0 0 0 0 0 0
0.09282313721765514 0.061802801417655234 0.9674790340310825 0 1 0 0 0 0 0 0
-0.011359694868133347 -0.08692260180940324 0.9762323731863437 0 1 0 0 0 0 0 0
0.0750029303575814 0.006574825860502481 0.9077652698483457 0 1 0 0 0 0 0 0
-0.07071223206808458 -0.07015665976142967 1.0249284570948798 0 1 0 0 0 0 0 0
-0.081848327100515 -0.019284244294880806 0.9928539360302293 0 1 0 0 0 0 0 0
-0.02883224890653517 -0.04333765645450836 0.9562132109354743 0 1 0 0 0 0 0 0
-0.030455395529039295 0.06735437546988782 1.0911127256969333 0 1 0 0 0 0 0 0
-0.0575199873335611 -0.03239865917140124 1.0575884917568126 0 1 0 0 0 0 0 0
-0.07284356455622631 0.06994313394894247 1.0017343390801856 0 1 0 0 0 0 0 0
-0.04202014515229829 0.020830102178915857 1.0865569575661997 0 1 0 0 0 0 0 0
0.03710588676676449 0.05017165944800331 1.0499466344224988 0 1 0 0 0 0 0 0
-0.008818112343682724 0.041345638921993194 0.9939283170668142 0 1 0 0 0 0 0 0
-0.08624074302107872 0.061379342634064055 1.0747135735240638 0 1 0 0 0 0 0 0
-0.006333124752963104 0.09569332749189546 0.9427157739307637 0 1 0 0 0 0 0 0
0.0505540757845028 -0.0805512897548349 0.9455392752235832 0 1 0 0 0 0 0 0
-0.0005978480419980559 0.03387622655450123 0.9774383219768858 0 1 0 0 0 0 0 0
-0.0630376975962777 -0.049981206343434864 0.9886998801140612 0 1 0 0 0 0 0 0
-0.08074569798361553 0.051355750365549374 1.0820229712107157 0 1 0 0 0 0 0 0
0.08458105309441963 -0.00824991204604944 0.9864532453044508 0 1 0 0 0 0 0 0
-0.02918033255416344 -0.045336979197528285 1.0805421175948542 0 1 0 0 0 0 0 0
-0.0903516370234379 -0.08926428826309525 0.9192721902776212 0 1 0 0 0 0 0 0
-0.06289401275075279 0.042327161402781366 1.0005300072366272 0 1 0 0 0 0 0 0
0.04168373257933783 -0.08031146307619615 1.0338022751240519 0 1 0 0 0 0 0 0
-0.08593854342449939 -0.03589708459721988 1.0201020175483242 0 1 0 0 0 0 0 0
0.011781987037543032 -0.009087192928506765 1.0585593366359314 0 1 0 0 0 0 0 0
-0.03846171120569586 -0.04512157102405306 1.0436755068620391 0 1 0 0 0 0 0 0
0.019887332435284663 -0.04166434941895136 0.9034758028814711 0 1 0 0 0 0 0 0
0.01520879939249542 -0.03302146140408434 1.0758519248977965 0 1 0 0 0 0 0 0
-0.011621426377324287 -0.02794810036240694 0.9400799984118242 0 1 0 0 0 0 0 0
-0.0006971998178723071 0.06357255848215565 1.0233941136983709 0 1 0 0 0 0 0 0
0.07041289334316464 0.07749033944896747 1.019782160835134 0 1 0 0 0 0 0 0
0.052263976426660974 0.019469117748774994 0.921356386360598 0 1 0 0 0 0 0 0
0.004862936071301727 0.054620170607281054 1.0777338818396083 0 1 0 0 0 0 0 0
0.009548979756447723 0.09641971279199713 1.057651866375374 0 1 0 0 0 0 0 0
-0.09849018669162468 -0.0242264871267696 0.9568844210618541 0 1 0 0 0 0 0 0
0.06559689824954079 -0.03151119622591392 0.9207340180587432 0 1 0 0 0 0 0 0
0.07773118763925421 0.009695167283381684 1.0938686274380698 0 1 0 0 0 0 0 0
-0.031474039428752223 -0.02609379516716913 0.9307110639560531 0 1 0 0 0 0 0 0
