0.06256116993619162 1.0052620481426247 -0.020559210752291807 0 0 1 0 0 0 0 0
0.0505165793041574 0.9980915931518771 -0.06742854980637276 0 0 1 0 0 0 0 0
-0.003174701853793871 0.9776956338041748 -0.05719703214199639 0 0 1 0 0 0 0 0
-0.01936689920213064 1.0689456479441815 0.011841297098746956 0 0 1 0 0 0 0 0
0.04626644997048454 0.9361087991426557 0.09049082368705189 0 0 1 0 0 0 0 0
-0.055225722645408884 0.9180817867892965 -0.012283709269154258 0 0 1 0 0 0 0 0
0.04129633515522446 0.9619547545351117 0.047299946956096295 0 0 1 0 0 0 0 0
-0.0345478045429433 0.9539833806272023 0.03818840060952483 0 0 1 0 0 0 0 0
-0.02788976966253294 1.00817274158357 -0.02497965738247372 0 0 1 0 0 0 0 0
0.015359782402334682 0.9331397296995254 -0.07289327118583866 0 0 1 0 0 0 0 0
-0.08014082595101174 0.9005035764782534 -0.03478389621701457 0 0 1 0 0 0 0 0
0.03825241945712282 1.0348570520724623 -0.012284978241237574 0 0 1 0 0 0 0 0
-0.04215943317797737 0.9403746185087546 -0.034214820310403266 0 0 1 0 0 0 0 0
-0.02257995204003685 1.0278170179022528 -0.05392538864985108 0 0 1 0 0 0 0 0
-0.058446967628119496 1.0784697927104838 0.031117225109493774 0 0 1 0 0 0 0 0
