0.9927710672421252 0.08513386527515812 1.0068525877574857 0 0 0 0 0 1 0 0
1.012285145616581 0.02834483885609168 1.054582784203601 0 0 0 0 0 1 0 0
0.9510741652978799 0.09475408427226012 0.903284945778253 0 0 0 0 0 1 0 0
0.9998885670106166 0.07289931184075008 1.0869318965128913 0 0 0 0 0 1 0 0
1.0067758960265076 -0.08287930471072065 1.0660311502395114 0 0 0 0 0 1 0 0
0.9525949587019885 0.01692001502391008 0.9641461401154802 0 0 0 0 0 1 0 0
0.9725536847070205 -0.07081402937309018 1.012091235983877 0 0 0 0 0 1 0 0
1.0836858331097186 0.0010143547723656943 0.9023916929002909 0 0 0 0 0 1 0 0
0.9809650802468566 0.08768163511993399 1.0385533496255372 0 0 0 0 0 1 0 0
1.0137400509989245 0.01973656621843127 0.9939306394579691 0 0 0 0 0 1 0 0
0.9449291495543918 -0.05661875336032518 0.9617082405019363 0 0 0 0 0 1 0 0
0.9491461730585217 -0.04004173646022831 1.0320088103583431 0 0 0 0 0 1 0 0
0.9135488081438098 -0.05012313009599632 1.021689628491439 0 0 0 0 0 1 0 0
1.0340034914902316 0.062331664127007 1.086009356502851 0 0 0 0 0 1 0 0
0.9986446389310857 0.06139778744574356 1.022372918585929 0 0 0 0 0 1 0 0
1.0188071888031378 -0.030741181832380546 1.0158821247180574 0 0 0 0 0 1 0 0
0.9781123406817133 -0.07038884508276118 0.9223704230428001 0 0 0 0 0 1 0 0
0.9217226062044184 0.024770832353901873 0.998750193374612 0 0 0 0 0 1 0 0
0.9362594905969506 0.013681545058125064 1.0687979886124768 0 0 0 0 0 1 0 0
0.924092532158443 -0.04873471804521334 1.0387303491946327 0 0 0 0 0 1 0 0
0.9930084047723831 -0.00923649272222718 1.0461450615220416 0 0 0 0 0 1 0 0
1.083701609578885 -0.0285825153093172 0.9643013560290501 0 0 0 0 0 1 0 0
1.0960453157933587 -0.0009531615460595388 0.943626812396127 0 0 0 0 0 1 0 0
0.9676224533760692 0.05825391555731774 1.0632792845665655 0 0 0 0 0 1 0 0
0.9228720687388332 0.061931508682984915 1.071854877343961 0 0 0 0 0 1 0 0
0.9041215859338276 -0.08702086737165436 1.021301433550755 0 0 0 0 0 1 0 0
0.9485023464678596 -0.05415250718782001 1.0249734927672174 0 0 0 0 0 1 0 0
0.9061876849482551 0.06254976228607284 0.9112370215239196 0 0 0 0 0 1 0 0
1.0490610665548297 -0.028040669418533032 1.0340640901542015 0 0 0 0 0 1 0 0
0.911767255800227 -0.02392508711738736 0.9918562610376698 0 0 0 0 0 1 0 0
0.9969467856453051 4.539707689647787e-05 1.0449991162647667 0 0 0 0 0 1 0 0
1.0740361744072129 0.0817698793529699 0.9263004733964476 0 0 0 0 0 1 0 0
1.0612194486940265 0.08875004550512522 1.040628238949933 0 0 0 0 0 1 0 0
0.9142592307911266 0.003904231591509544 1.0869824681837805 0 0 0 0 0 1 0 0
0.9040320277702499 0.021861403743298632 0.9874714920370159 0 0 0 0 0 1 0 0
1.0290020021283133 0.06984782500886755 0.9931815354367999 0 0 0 0 0 1 0 0
1.0243271234430693 -0.04372188910545902 0.9730162939363535 0 0 0 0 0 1 0 0
1.0531320960141959 -0.06512708166806443 1.07456418361169 0 0 0 0 0 1 0 0
1.0287985953730483 -0.040285813859751565 1.0189839579093507 0 0 0 0 0 1 0 0
1.053871148722163 0.0875407497765461 1.077409218891944 0 0 0 0 0 1 0 0
1.0714948400618827 -0.04781952847458069 1.0637711708940636 0 0 0 0 0 1 0 0
0.9092485367029728 0.06823591314955932 1.0268639701814912 0 0 0 0 0 1 0 0
0.9834995754574783 -0.03163212852765969 1.008073404269757 0 0 0 0 0 1 0 0
0.972220098167455 -0.061890025382588476 1.0531231927266624 0 0 0 0 0 1 0 0
0.9861079748283176 -0.027298700104078352 0.9199085516292026 0 0 0 0 0 1 0 0
1.076214456333113 -0.012855839111499082 0.9807740559742789 0 0 0 0 0 1 0 0
1.0825090440722218 -0.03103295710801826 1.0165198628866432 0 0 0 0 0 1 0 0
1.0494171807122559 -0.07934393574015518 1.072559781892127 0 0 0 0 0 1 0 0
0.9081171210549787 0.045153141444499445 1.0250964957922888 0 0 0 0 0 1 0 0
0.9210723779849882 -0.03307243079077456 1.0191742137854105 0 0 0 0 0 1 0 0
