-0.08677399809144266 0.0052275306442161745 1
0.07431525772164332 -0.05278473341674444 1
0.023746538168203532 0.0652967271164824 1
0.030132609745843836 0.029664985204515937 1
0.029509186617825173 0.029030743548581983 1
-0.023695305653176943 -0.07163705934313878 1
0.034647636055313874 0.09778335373710198 1
-0.012749515068916223 0.02004814004668945 1
0.09451807540963969 0.05204345392127677 1
0.08795541911885726 0.06024919721589592 1
0.9622393891349661 -0.02939849401171106 0
0.9685459881521323 0.07277974663124609 0
1.0183528750380098 0.05722221876941455 0
1.0270385418934003 0.01377951421079518 0
0.9205982602225787 0.0728129706569366 0
1.0704966259571873 -0.019947101477527207 0
0.9113982253175636 -0.028991915342766336 0
0.9538159729712058 -0.013927155708263195 0
0.9073733297992216 0.06151656198332106 0
0.9753919361980646 0.009681917138610663 0
0.07218587752253591 0.9641104262497789 0
0.08876162133460408 0.9243691906825933 0
-0.004404077984642485 1.0058677726271021 0
-0.0665514093557738 0.9538356632559463 0
0.06749754924385887 1.0159030409547287 0
-0.08983898997535023 0.9362238136732364 0
0.08035230916730893 0.9499435871813945 0
-0.0776367899652213 1.08649935916752 0
0.07229438457620427 0.9426972341488356 0
0.052961332899090885 1.0121692603184562 0
0.987355276144904 0.9767799951016821 1
0.9627050148795192 1.0883026648941754 1
1.0492684002074157 0.9766161883926057 1
1.0162848361970993 1.0490931855789287 1
1.013749170220149 1.0316611411436802 1
1.0691437977306233 1.003840965319086 1
1.0054675271366988 1.0038344560869774 1
1.0021094220713769 1.004545583136102 1
1.05455256619327 0.9412356879798901 1
0.9450986140870511 0.9680610695492758 1
