1.0756638480954765 1.0139229081828465 -0.06333923086063983 0 0 0 0 0 0 1 0
0.9427064383569229 0.9559261377154631 -0.025534505520707892 0 0 0 0 0 0 1 0
0.9910694614149017 1.050448193170469 -0.06180522784175695 0 0 0 0 0 0 1 0
1.0416777466401186 0.914928425974613 -0.08315136589814394 0 0 0 0 0 0 1 0
1.0406650866869924 0.920082745304585 -0.07168748004461822 0 0 0 0 0 0 1 0
0.9886562657356605 1.0151660894292562 -0.06079459095314948 0 0 0 0 0 0 1 0
0.9242206227650035 0.9580785268158963 -0.05374711713779534 0 0 0 0 0 0 1 0
1.0766145315897822 0.9753382562835279 0.0970478535887564 0 0 0 0 0 0 1 0
0.9430970550025191 1.0415147383257244 -0.0650399009033299 0 0 0 0 0 0 1 0
1.040108540309486 0.9717376598336376 -0.0719394493520261 0 0 0 0 0 0 1 0
0.9283329527445441 1.0398247071696556 -0.04008060544352352 0 0 0 0 0 0 1 0
1.0872397313394728 1.053204754458068 0.05924047411189012 0 0 0 0 0 0 1 0
0.9487295249076931 0.9858809310275218 -0.0768064936586964 0 0 0 0 0 0 1 0
1.0187085380070007 1.0167231431915833 -0.08578862500601946 0 0 0 0 0 0 1 0
1.078403329171112 1.0718037364751574 -0.04225547560580172 0 0 0 0 0 0 1 0
1.0725094679565976 0.9627262907484975 -0.02612949915550869 0 0 0 0 0 0 1 0
1.0146971269689902 0.9763087738296605 -0.06084778298819298 0 0 0 0 0 0 1 0
1.0351615099180331 0.9235673778355081 -0.0497821633539626 0 0 0 0 0 0 1 0
0.9494372869209496 0.9547027050996691 -0.09794339342205607 0 0 0 0 0 0 1 0
0.9613644832083597 0.9719927882999957 0.07945745125109197 0 0 0 0 0 0 1 0
0.9643453998073035 1.0269898155561787 -0.02480345837509841 0 0 0 0 0 0 1 0
1.0390824230193312 0.9083500550115815 -0.0021338533477510413 0 0 0 0 0 0 1 0
0.9240915732991359 0.9432427482026456 -0.024495197958970816 0 0 0 0 0 0 1 0
1.0626040711514695 0.9083799570725076 0.07870872794421829 0 0 0 0 0 0 1 0
0.9952753805730125 1.0693359592160108 0.08744596543489228 0 0 0 0 0 0 1 0
0.9390584578139821 1.0312598274276152 -0.08852892412266718 0 0 0 0 0 0 1 0
0.9425146930180135 1.014491130124724 -0.07248462532748567 0 0 0 0 0 0 1 0
0.9918529029513404 0.9933940938317365 0.006912578365811578 0 0 0 0 0 0 1 0
1.0532462249668015 0.9534888895272935 0.007357404024591813 0 0 0 0 0 0 1 0
1.015651678771889 0.9890571451383623 0.006861230239354393 0 0 0 0 0 0 1 0
1.0470097218055525 1.0532981744716587 -0.08610026276348248 0 0 0 0 0 0 1 0
1.094412498033043 1.0786009329537651 0.08135704290062959 0 0 0 0 0 0 1 0
1.0568449082214602 1.018687962681893 -0.07369113127475083 0 0 0 0 0 0 1 0
0.9720874382254855 0.984700829952325 0.009440228701928038 0 0 0 0 0 0 1 0
0.9255508023596075 0.9559599064866998 -0.024876221828474418 0 0 0 0 0 0 1 0
1.0292804155477442 1.0148904847901798 -0.01856039404709038 0 0 0 0 0 0 1 0
1.0421702731708478 0.9157734249989847 -0.0015344771024816684 0 0 0 0 0 0 1 0
0.9706000167750666 1.0153172789003995 0.0018307907068096513 0 0 0 0 0 0 1 0
0.972163056037652 0.9703701365407736 0.03296154304083404 0 0 0 0 0 0 1 0
1.0190518351667595 1.0403305944068508 0.07136500260479595 0 0 0 0 0 0 1 0
1.0005614994591967 0.9359326914440009 0.027298382248300307 0 0 0 0 0 0 1 0
1.016704219549764 0.9550956425766306 -0.07775772377103503 0 0 0 0 0 0 1 0
0.9839832289623716 0.9548535279352667 0.061656666244685965 0 0 0 0 0 0 1 0
1.088750629762925 1.0437103815805309 -0.06000682875375816 0 0 0 0 0 0 1 0
0.95409186674643 0.9814900091748396 -0.028803246142342573 0 0 0 0 0 0 1 0
1.07454522619503 0.9882654097879906 0.08353597824455797 0 0 0 0 0 0 1 0
0.9942540464258869 1.0353320764684981 -0.09301411328509457 0 0 0 0 0 0 1 0
0.9549727526654723 1.086424394688445 -0.0720479183312492 0 0 0 0 0 0 1 0
0.9176010639438141 1.016244036959785 -0.04409821640598826 0 0 0 0 0 0 1 0
1.0902369775399716 1.0680593764515507 0.024006564111250572 0 0 0 0 0 0 1 0
