-0.021050292920571895 0.9654794973425261 0.990306822895478 0 0 0 0 1 0 0 0
0.060704723880270456 1.0640878508413838 1.0767004940108353 0 0 0 0 1 0 0 0
-0.041306495633271406 0.9132412574026314 0.9542871649596607 0 0 0 0 1 0 0 0
0.05124245730225038 0.9234707274404956 1.0805947944954684 0 0 0 0 1 0 0 0
-0.09137979751214438 1.072777182718683 0.9408917095995629 0 0 0 0 1 0 0 0
0.02550731153941116 1.0476580331508833 1.0935483736458809 0 0 0 0 1 0 0 0
0.07267502604811538 0.9134194383399274 1.0314213106709746 0 0 0 0 1 0 0 0
-0.0750692801569735 0.9860781815622429 1.0469499387154173 0 0 0 0 1 0 0 0
-0.09818039560861563 0.9483472653128932 0.9951633257155427 0 0 0 0 1 0 0 0
0.05476731368710766 1.0337930947604315 0.9504657304339698 0 0 0 0 1 0 0 0
0.0336945668473691 1.0093277085569134 0.9746819556053732 0 0 0 0 1 0 0 0
-0.04828286951805186 0.9385597586737146 1.0607057778920987 0 0 0 0 1 0 0 0
0.06902000302185732 1.0596116850232997 1.0718502643515784 0 0 0 0 1 0 0 0
-0.06562441881576112 1.041320524933365 1.058721121292673 0 0 0 0 1 0 0 0
-0.08522695626930608 1.0579767270193918 1.0840588016452588 0 0 0 0 1 0 0 0
