-0.003030272261124553 0.0008497462625192964 -0.05394030770391498 1 0 0 0 0 0 0 0
0.06553719771346542 -0.08126332005142432 0.04152056609712665 1 0 0 0 0 0 0 0
0.012969600114550353 -0.03703453405882724 -0.03395402881312547 1 0 0 0 0 0 0 0
0.07116748712015297 -0.09666873421030793 -0.046807725664230394 1 0 0 0 0 0 0 0
0.039063489087425046 -0.04858245802022432 0.010533933650398425 1 0 0 0 0 0 0 0
0.07427778640529534 -0.031252452456828825 0.0598952211906531 1 0 0 0 0 0 0 0
-0.07073165241798318 -0.09473546584660852 0.03232362666011712 1 0 0 0 0 0 0 0
0.07909547204223266 0.022369391042430922 -0.021155438168004984 1 0 0 0 0 0 0 0
0.029766384837023374 -0.04988652945695833 -0.005637444222289803 1 0 0 0 0 0 0 0
-0.09149351650611642 0.08873037029122885 -0.030871949419216546 1 0 0 0 0 0 0 0
-0.04349280808067686 0.09685924885445027 -0.05552702526818756 1 0 0 0 0 0 0 0
-0.0030551694046069555 -0.07685203265147565 0.08648023047802669 1 0 0 0 0 0 0 0
0.08505998354005281 -0.02715305878817556 0.034356115471213505 1 0 0 0 0 0 0 0
0.013982736525244913 -0.054026776405508285 -0.03252138805495529 1 0 0 0 0 0 0 0
0.060034955587631694 0.09756277557990373 -0.08856474683277443 1 0 0 0 0 0 0 0
0.019646686316884418 -0.023089376360639416 -0.08049551496910555 1 0 0 0 0 0 0 0
-0.057036505313228104 -0.048593911351119616 -0.04812648563308748 1 0 0 0 0 0 0 0
-0.08277443567380996 0.07497084319588151 0.008720422406089681 1 0 0 0 0 0 0 0
0.007481807380275568 -0.0006136324259602699 -0.054732797557895556 1 0 0 0 0 0 0 0
-0.04698346081530705 -0.09024708931922756 0.07490114754644003 1 0 0 0 0 0 0 0
-0.055912986462492834 0.09493071854632604 0.07636030635998231 1 0 0 0 0 0 0 0
0.03156919328233282 -0.06979522737511262 0.008243483568614235 1 0 0 0 0 0 0 0
0.012077017638085136 0.06173915900593238 0.0768865478872664 1 0 0 0 0 0 0 0
-0.021449355025140046 0.024274836144245082 0.09650745769154584 1 0 0 0 0 0 0 0
-0.023701772343636976 0.04922496132659604 -0.04724532193147022 1 0 0 0 0 0 0 0
0.0368804969031076 0.06533227033549047 -0.08299008283708853 1 0 0 0 0 0 0 0
-0.027169120763987142 -0.05592559084688864 -0.043193511535638024 1 0 0 0 0 0 0 0
0.05785169999932921 0.02009594401324047 -0.01224816947524332 1 0 0 0 0 0 0 0
0.020478231082953213 0.0043900212912618974 0.011968398862610058 1 0 0 0 0 0 0 0
-0.02572142652266618 0.010525283972214 -0.05459906840431448 1 0 0 0 0 0 0 0
0.0929610505534568 -0.07801563752611572 -0.039621240608307344 1 0 0 0 0 0 0 0
-0.09027583870869904 -0.04518219982020999 0.05454341518483716 1 0 0 0 0 0 0 0
-0.010775191629520856 0.02012884794104461 0.0016146706535126176 1 0 0 0 0 0 0 0
0.06094706940573172 -0.06468261018317942 0.01752591262178549 1 0 0 0 0 0 0 0
-0.07604019979930987 -0.051821837540122595 0.06598091756083602 1 0 0 0 0 0 0 0
0.02074503701005108 0.06051860265195805 -0.0856951400743238 1 0 0 0 0 0 0 0
-0.0982324475145046 0.04104450373278207 0.013145954802636292 1 0 0 0 0 0 0 0
-0.055418731525879485 -0.07005714891452629 -0.029995727602725092 1 0 0 0 0 0 0 0
-0.08161421192132992 -0.03930350289555369 -0.06838884507701073 1 0 0 0 0 0 0 0
-0.0708526910190258 0.006066955318324352 0.06681039574367925 1 0 0 0 0 0 0 0
0.026541638953491986 0.05489955402488075 -0.08927669617143566 1 0 0 0 0 0 0 0
0.08955330432188299 0.09404073991431208 0.09446064066723495 1 0 0 0 0 0 0 0
0.09120482771086466 0.07856998923007516 -0.07265901026970033 1 0 0 0 0 0 0 0
-0.06946765066465128 0.017904103111243824 0.07820530338369408 1 0 0 0 0 0 0 0
-0.025972703034873645 0.09205335236117557 -0.011424352752295586 1 0 0 0 0 0 0 0
-0.039422552222450016 0.059424041590860094 -0.047201647502893934 1 0 0 0 0 0 0 0
-0.025326551124082594 0.07565235637021639 0.03066154911783578 1 0 0 0 0 0 0 0
0.03867075481575444 -0.09976956952625426 0.04724094371323265 1 0 0 0 0 0 0 0
0.005482853830596546 -0.029038270448538156 -0.07084350236921998 1 0 0 0 0 0 0 0
0.018710928098888482 0.0227622638266555 -0.08291374308898183 1 0 0 0 0 0 0 0
