0.12558240298098922 0.9008156616662019 0 0 0 0 1 0 0 0 
-0.7783914850666166 0.04603651539159609 0 1 0 0 0 0 0 0 
0.03708904466049365 -0.3944093179023166 0 0 0 0 0 0 0 1 
-0.5155294408891063 0.8305642995039906 0 0 0 0 0 1 0 0 
0.7167264828635211 0.17319154092879444 1 0 0 0 0 0 0 0 
-0.16869093956958253 0.6763654976384541 0 1 0 0 0 0 0 0 
0.18789328797171845 0.02350076881320179 1 0 0 0 0 0 0 0 
-0.428260572684667 0.3724246607192581 0 1 0 0 0 0 0 0 
-0.6525702355309981 -0.6610312788940353 0 0 1 0 0 0 0 0 
-0.7509031871671003 0.27973782335833614 0 0 0 0 0 1 0 0 
0.13195370156673034 -0.5552926857467321 0 0 0 0 0 0 0 1 
0.41432088973341014 -0.055728576606182405 0 0 0 0 0 0 0 1 
-0.015849424363934606 0.10359594938921855 0 1 0 0 0 0 0 0 
0.6475195066118805 0.10551956302073752 1 0 0 0 0 0 0 0 
-0.37719856671566016 -0.32336199180617287 0 0 0 0 0 0 1 0 
0.3852399810149817 -0.6250576573646365 0 0 0 1 0 0 0 0 
-0.33733738990316003 -0.7271913333055097 0 0 1 0 0 0 0 0 
0.6784681886262585 -0.7245814220533975 0 0 0 1 0 0 0 0 
-0.76776294401391 -0.27971191911236515 0 0 1 0 0 0 0 0 
0.9070576882296534 -0.34756736271076555 0 0 0 1 0 0 0 0 
-0.012574231313660008 0.011410474440350402 0 1 0 0 0 0 0 0 
0.009782523559923982 0.04159110093131004 1 0 0 0 0 0 0 0 
-0.3868911844988921 0.6441070289944659 0 0 0 0 0 1 0 0 
0.28117292981373737 0.10704336487882578 1 0 0 0 0 0 0 0 
0.7268504484820308 -0.2784300376993288 0 0 0 1 0 0 0 0 
0.24405516309831782 -0.7387020036110484 0 0 0 0 0 0 0 1 
-0.2435593220863669 -0.0017325772996450502 0 0 0 0 0 0 1 0 
0.535840990457154 -0.4488507464223235 0 0 0 0 0 0 0 1 
0.32647790772240004 -0.14216726922502373 0 0 0 0 0 0 0 1 
0.5294922622157103 -0.24439992007264302 0 0 0 0 0 0 0 1 
-0.2595670346713935 0.3028925183405509 0 1 0 0 0 0 0 0 
-0.01927762615380552 -0.19745499196640742 0 0 0 0 0 0 1 0 
0.8811229323346534 -0.3122445399105318 0 0 0 1 0 0 0 0 
-0.019739640212622575 -0.030141538833820723 0 0 0 0 0 0 1 0 
0.1327525713083232 0.16029330422166074 1 0 0 0 0 0 0 0 
0.2368204727430928 -0.37181579415109817 0 0 0 0 0 0 0 1 
0.3556164287183429 0.9342404001774615 0 0 0 0 1 0 0 0 
0.16912446009529405 -0.1452798101735553 0 0 0 0 0 0 0 1 
0.09225243681832636 -0.10486800852601376 0 0 0 0 0 0 0 1 
0.0603437311084263 -0.20171617168587522 0 0 0 0 0 0 0 1 
0.5206744128292038 0.15865783466735883 1 0 0 0 0 0 0 0 
-0.5364803132163319 0.2430008578277598 0 1 0 0 0 0 0 0 
-0.7203614158405403 0.49419544113118474 0 0 0 0 0 1 0 0 
0.09346381062230688 0.05896234230467433 1 0 0 0 0 0 0 0 
0.2215707560635845 -0.6816935619869636 0 0 0 0 0 0 0 1 
0.7138386808422708 0.24095800297781553 1 0 0 0 0 0 0 0 
-0.5711041521774614 -0.679678583001665 0 0 1 0 0 0 0 0 
0.0028283868173867212 0.0019391782529129243 1 0 0 0 0 0 0 0 
0.6253088641950372 -0.6233344261893056 0 0 0 1 0 0 0 0 
-0.10683886056231633 -0.4242828958827078 0 0 0 0 0 0 1 0 
-0.00028116026461165233 0.5458048792894467 0 1 0 0 0 0 0 0 
-0.7048591024337285 -0.14551608282905323 0 0 0 0 0 0 1 0 
0.6005077372263841 0.28277697593766893 1 0 0 0 0 0 0 0 
0.16175447200366116 0.29712264602658645 1 0 0 0 0 0 0 0 
0.6960773669117418 0.41854703651132863 0 0 0 0 1 0 0 0 
0.4641055241125497 0.01613811104075923 1 0 0 0 0 0 0 0 
-0.4100531752411699 -0.033487274684020685 0 0 0 0 0 0 1 0 
-0.2533370984827535 -0.36042321162995183 0 0 0 0 0 0 1 0 
0.5682949124564788 0.3634098151410277 1 0 0 0 0 0 0 0 
0.1409856305207532 0.35949423458716545 1 0 0 0 0 0 0 0 
-0.2158572702748937 0.47906855604211757 0 1 0 0 0 0 0 0 
-0.44985366895678236 0.4618124507993258 0 1 0 0 0 0 0 0 
-0.2286302581052982 0.3921030702253368 0 1 0 0 0 0 0 0 
-0.30085389966248244 -0.1562008979324688 0 0 0 0 0 0 1 0 
0.261029631712352 0.12866193473081478 1 0 0 0 0 0 0 0 
0.12704281303292167 0.06992472923420168 1 0 0 0 0 0 0 0 
-0.39948293121153583 0.2361253683482206 0 1 0 0 0 0 0 0 
0.0385865327536859 0.09353871878980506 1 0 0 0 0 0 0 0 
-0.3263076164188816 0.2933168088870675 0 1 0 0 0 0 0 0 
-0.7082935324187233 0.1307889412742233 0 1 0 0 0 0 0 0 
0.43505876345650774 0.8932164131750936 0 0 0 0 1 0 0 0 
0.8532916377708926 0.48740588331300977 0 0 0 0 1 0 0 0 
-0.04235040433108691 -0.15826089899493626 0 0 0 0 0 0 1 0 
0.5011497998775459 0.5165047084753851 0 0 0 0 1 0 0 0 
0.0027714485893047805 -0.31856044745303796 0 0 0 0 0 0 0 1 
0.7712621732566168 0.45913850008999035 0 0 0 0 1 0 0 0 
0.15424095507302205 -0.07487087828429466 0 0 0 0 0 0 0 1 
-0.06990574353911076 0.6681069700518094 0 1 0 0 0 0 0 0 
0.5922027840702268 0.27307629792108534 1 0 0 0 0 0 0 0 
0.0038283733563914285 0.0005386024324567652 1 0 0 0 0 0 0 0 
0.14260755639547865 0.16494737221968608 1 0 0 0 0 0 0 0 
0.8039274413060543 0.017512072276306086 1 0 0 0 0 0 0 0 
0.5316915464274158 0.3605591304555655 1 0 0 0 0 0 0 0 
0.8959085454404555 0.017282309980623595 1 0 0 0 0 0 0 0 
0.060143699782957895 0.0676731871681284 1 0 0 0 0 0 0 0 
-0.06255702991113662 -0.4744861891091567 0 0 0 0 0 0 1 0 
0.5138763995109246 0.7686970617759808 0 0 0 0 1 0 0 0 
-0.6900478723506511 0.5052354297865672 0 0 0 0 0 1 0 0 
-0.674955417021773 0.13742536626269192 0 1 0 0 0 0 0 0 
-0.759260548585373 -0.013540821165385766 0 0 0 0 0 0 1 0 
-0.8785920793661645 0.3849375007287055 0 0 0 0 0 1 0 0 
-0.18313715438677933 0.3288407313737218 0 1 0 0 0 0 0 0 
-0.19847316373586993 0.3493667686891483 0 1 0 0 0 0 0 0 
0.2917564481275891 0.2143605874989583 1 0 0 0 0 0 0 0 
-0.3802837656447641 -0.01070160917068096 0 0 0 0 0 0 1 0 
-0.002528281828436131 -0.010557547325560603 0 0 0 0 0 0 1 0 
-0.4497192462217955 -0.42749173451680156 0 0 0 0 0 0 1 0 
-0.080905947662504 -0.5879107850311545 0 0 0 0 0 0 1 0 
0.6795383202025208 -0.4144829945223272 0 0 0 1 0 0 0 0 
0.46393458905914076 -0.28229017032035314 0 0 0 0 0 0 0 1 
-0.8397333458372931 0.13931553433854585 0 1 0 0 0 0 0 0 
-0.7021009958807239 0.13738562405268395 0 1 0 0 0 0 0 0 
0.18369743670491218 0.6546996484606534 1 0 0 0 0 0 0 0 
-0.16046484832398658 0.07964711606497334 0 1 0 0 0 0 0 0 
0.6036337923151796 0.2997933990045509 1 0 0 0 0 0 0 0 
-0.5570345024554784 0.2748321857530786 0 1 0 0 0 0 0 0 
-0.870548346962131 0.2880895961932995 0 0 0 0 0 1 0 0 
0.37699706799515786 -0.41531318637212467 0 0 0 0 0 0 0 1 
0.05781097442295185 -0.23054788781587243 0 0 0 0 0 0 0 1 
-0.31871671170538596 0.33739771706318095 0 1 0 0 0 0 0 0 
0.5232880666524566 0.22425383055224102 1 0 0 0 0 0 0 0 
-0.2002256682461221 -0.027559695787229534 0 0 0 0 0 0 1 0 
-0.27355040908227163 0.11854265323033639 0 1 0 0 0 0 0 0 
0.7515059887725046 -0.3996838089393092 0 0 0 1 0 0 0 0 
-0.22399563646909312 0.4573814287447732 0 1 0 0 0 0 0 0 
-0.7320680832283749 -0.42607512552188176 0 0 1 0 0 0 0 0 
-0.3772312880336958 0.08970931084694675 0 1 0 0 0 0 0 0 
-0.05138771816491785 0.0845619842473347 0 1 0 0 0 0 0 0 
-0.040344368026471115 0.3658382390266226 0 1 0 0 0 0 0 0 
-0.9743315666710539 0.07616372611343586 0 0 0 0 0 1 0 0 
-0.27710675592054884 0.7892995847709122 0 0 0 0 0 1 0 0 
-0.2186114118822023 -0.2277492851102155 0 0 0 0 0 0 1 0 
0.5215271255967217 -0.5147375287809172 0 0 0 1 0 0 0 0 
-0.20930211995403852 0.3331486040269359 0 1 0 0 0 0 0 0 
-0.2773521405673079 -0.0929572709312791 0 0 0 0 0 0 1 0 
0.06767245155295755 0.15864040060922344 1 0 0 0 0 0 0 0 
-0.9162837174062703 -0.36678646762350464 0 0 1 0 0 0 0 0 
0.3217156795556459 -0.55445524138502 0 0 0 0 0 0 0 1 
0.4074232854572295 0.8217840603626293 0 0 0 0 1 0 0 0 
-0.4809548140839011 -0.3686879531706116 0 0 0 0 0 0 1 0 
-0.3170063176548694 -0.19863818215087656 0 0 0 0 0 0 1 0 
0.34060757340314596 0.1893578272296116 1 0 0 0 0 0 0 0 
0.27844134062330766 0.49599102369344805 1 0 0 0 0 0 0 0 
0.39338596595100506 0.599461398343008 1 0 0 0 0 0 0 0 
-0.392500597302861 -0.6625191894255001 0 0 1 0 0 0 0 0 
-0.12426345646031609 0.8024307475507118 0 1 0 0 0 0 0 0 
-0.2731104124920429 -0.47207938668694815 0 0 0 0 0 0 1 0 
0.1851845174548571 0.07637483554161148 1 0 0 0 0 0 0 0 
0.31750436438199053 -0.010742813709358971 0 0 0 0 0 0 0 1 
0.9350555681041981 0.10424049619656632 0 0 0 0 1 0 0 0 
0.1624403738668306 0.795171013911999 1 0 0 0 0 0 0 0 
0.15856561079352455 0.003141171828150987 1 0 0 0 0 0 0 0 
0.017624898662499843 -0.0005136466152507489 0 0 0 0 0 0 0 1 
-0.6349256226642004 -0.18092193888763822 0 0 0 0 0 0 1 0 
0.40618249856062594 0.5158527573694204 1 0 0 0 0 0 0 0 
0.011042688389206192 -0.4876870118025009 0 0 0 0 0 0 0 1 
0.5321285550185344 0.01218646386351488 1 0 0 0 0 0 0 0 
0.0001888288426758384 -9.862306951669455e-05 0 0 0 0 0 0 0 1 
0.2970329857879825 0.6736604502776982 1 0 0 0 0 0 0 0 
0.07924506013147553 -0.20539163949004044 0 0 0 0 0 0 0 1 
-0.451635681103409 -0.4371644573280526 0 0 0 0 0 0 1 0 
0.05835606416420652 0.2087800070874184 1 0 0 0 0 0 0 0 
0.4353224567534695 0.13804767665765166 1 0 0 0 0 0 0 0 
0.12566404754852578 -0.44080452365362494 0 0 0 0 0 0 0 1 
-0.5719167901252171 -0.6164866913866892 0 0 1 0 0 0 0 0 
-0.04817645750582661 0.2737205373885666 0 1 0 0 0 0 0 0 
0.15492011811861067 0.008162127107681369 1 0 0 0 0 0 0 0 
0.6345580362709542 -0.6037964320922106 0 0 0 1 0 0 0 0 
-0.016397376773993277 -0.0037049820079136206 0 0 0 0 0 0 1 0 
0.04177799775932503 -0.6606797353913582 0 0 0 0 0 0 0 1 
0.6574891603707852 -0.17816827775882255 0 0 0 0 0 0 0 1 
0.26277735450657097 0.13550990345945996 1 0 0 0 0 0 0 0 
-0.5335360887678653 0.4762956820575452 0 0 0 0 0 1 0 0 
-0.6876632465580859 -0.6509796583201155 0 0 1 0 0 0 0 0 
-0.5696756976481737 -0.37297942910594023 0 0 0 0 0 0 1 0 
0.6283653073221982 -0.27722806408896494 0 0 0 0 0 0 0 1 
-0.03857202038235317 0.01072329541110801 0 1 0 0 0 0 0 0 
0.4613528722567991 -0.5026154358068085 0 0 0 0 0 0 0 1 
0.005255251589342439 -0.1268975700522523 0 0 0 0 0 0 0 1 
-0.38476414612139154 -0.3321052979951044 0 0 0 0 0 0 1 0 
-0.316564597617115 0.1555229332714678 0 1 0 0 0 0 0 0 
-0.1873003343955997 -0.18358227400055094 0 0 0 0 0 0 1 0 
0.12629064196116177 -0.09018006931308101 0 0 0 0 0 0 0 1 
0.3729664881405065 0.3210018370098827 1 0 0 0 0 0 0 0 
0.3709588708480329 0.5758065307427269 1 0 0 0 0 0 0 0 
0.17801135861754244 -0.7922674974133106 0 0 0 0 0 0 0 1 
-0.7426951298799426 -0.3929367584783042 0 0 1 0 0 0 0 0 
0.5813406547156147 -0.6842068034539336 0 0 0 1 0 0 0 0 
-0.11195964365101799 -0.154053905113335 0 0 0 0 0 0 1 0 
0.13239475601047165 -0.3872819645908257 0 0 0 0 0 0 0 1 
0.7029212206507862 0.19052852682858396 1 0 0 0 0 0 0 0 
0.5314384174240638 0.050669749308207335 1 0 0 0 0 0 0 0 
0.20535331616583768 -0.9106026248500302 0 0 0 1 0 0 0 0 
-0.17588417263921172 0.7674512845077203 0 1 0 0 0 0 0 0 
-0.444940949464478 0.06574013482396689 0 1 0 0 0 0 0 0 
0.6066996720187399 -0.19770127765174497 0 0 0 0 0 0 0 1 
-0.9081511961420409 -0.2565004679503728 0 0 1 0 0 0 0 0 
0.4399138411204121 -0.5237877013928743 0 0 0 0 0 0 0 1 
0.0726236970357219 -0.6503355777942313 0 0 0 0 0 0 0 1 
0.4362071607120857 0.3104512303592009 1 0 0 0 0 0 0 0 
-0.2974043678120049 -0.3561092202367566 0 0 0 0 0 0 1 0 
-0.15275298497478546 0.1796610605737837 0 1 0 0 0 0 0 0 
-0.0874508364946125 0.5197068952403086 0 1 0 0 0 0 0 0 
0.4684132081066824 0.6620992022781944 0 0 0 0 1 0 0 0 
0.8761094523282438 0.28465344577483837 0 0 0 0 1 0 0 0 
0.5103049447714538 0.014889270230213959 1 0 0 0 0 0 0 0 
-0.179455307391885 -0.21700773647445235 0 0 0 0 0 0 1 0 
0.23322510932985693 0.39387288337688126 1 0 0 0 0 0 0 0 
0.798105822482333 0.3306959984283635 0 0 0 0 1 0 0 0 
-0.1477205715167422 0.0333122845786044 0 1 0 0 0 0 0 0 
0.7414193185217209 0.5940788318795894 0 0 0 0 1 0 0 0 
0.04824027479493595 0.24171699933590252 1 0 0 0 0 0 0 0 
-0.0006918246065390581 -0.003072214566430039 0 0 0 0 0 0 1 0 
0.2983897281348541 0.11162899062892094 1 0 0 0 0 0 0 0 
0.35480052811522855 0.259592212780538 1 0 0 0 0 0 0 0 
-0.5790221989059651 -0.40104372114171016 0 0 0 0 0 0 1 0 
-0.15244077665630631 0.24163469983271424 0 1 0 0 0 0 0 0 
0.8708194198223241 0.21117067430039865 0 0 0 0 1 0 0 0 
-0.2767064533101415 -0.3835811335588624 0 0 0 0 0 0 1 0 
0.19652613439241695 -0.10471211735065962 0 0 0 0 0 0 0 1 
-0.20647858390596016 -0.5750040110050522 0 0 0 0 0 0 1 0 
0.9467836755188171 0.0335579428937082 1 0 0 0 0 0 0 0 
0.020208478822074168 0.9087596092931745 1 0 0 0 0 0 0 0 
0.08752616064791358 0.09687027332161156 1 0 0 0 0 0 0 0 
0.15278262027290632 0.07478921083396375 1 0 0 0 0 0 0 0 
-0.6395109619520754 0.6929363775992244 0 0 0 0 0 1 0 0 
0.1849280664908797 0.7606903019338201 1 0 0 0 0 0 0 0 
0.1087641928505958 -0.3846799552578334 0 0 0 0 0 0 0 1 
0.01788595355085862 -0.0016478325071948305 0 0 0 0 0 0 0 1 
0.7884770066882462 0.346629424286216 0 0 0 0 1 0 0 0 
0.3558352476942116 0.8873713531220112 0 0 0 0 1 0 0 0 
0.5303358262104616 0.08669802951104782 1 0 0 0 0 0 0 0 
-0.10881596159369798 0.2917200313814232 0 1 0 0 0 0 0 0 
0.06405825661561329 -0.13475454202656303 0 0 0 0 0 0 0 1 
-0.9258676917176646 0.21651271757475465 0 0 0 0 0 1 0 0 
0.3940545086845938 -0.07672493558862406 0 0 0 0 0 0 0 1 
-0.11158641097918945 0.029769560379442603 0 1 0 0 0 0 0 0 
-0.13961713272221218 -0.11353658217202642 0 0 0 0 0 0 1 0 
-0.4168427342301755 -0.03490588960676145 0 0 0 0 0 0 1 0 
0.715578792910003 0.09436935224564688 1 0 0 0 0 0 0 0 
-0.5177970856238385 -0.3262806997173703 0 0 0 0 0 0 1 0 
-0.38795982233178744 -0.575303094972129 0 0 0 0 0 0 1 0 
0.4229224889751332 0.5666493401523244 1 0 0 0 0 0 0 0 
0.21328820413753954 0.4333159685692816 1 0 0 0 0 0 0 0 
0.4152755170622537 -0.31470656553180687 0 0 0 0 0 0 0 1 
-0.3586732871969064 -0.10448073183764629 0 0 0 0 0 0 1 0 
0.3848577327696249 0.09120902454445738 1 0 0 0 0 0 0 0 
-0.06660881024523853 -0.03992167750329488 0 0 0 0 0 0 1 0 
-0.8075339536949563 0.5494615532495593 0 0 0 0 0 1 0 0 
-0.3998687981315828 -0.27456067359827196 0 0 0 0 0 0 1 0 
0.17956796757491614 -0.3122869154201223 0 0 0 0 0 0 0 1 
0.0009108352091251494 -0.12243125315124977 0 0 0 0 0 0 0 1 
0.18218118916764464 0.3342146844006666 1 0 0 0 0 0 0 0 
-0.02278300743630589 -0.0253440378978209 0 0 0 0 0 0 1 0 
0.49839745378979633 -0.6486839905254206 0 0 0 1 0 0 0 0 
0.5080488103929778 0.1852320918694757 1 0 0 0 0 0 0 0 
-0.7401718243201727 -0.4455609031001951 0 0 1 0 0 0 0 0 
0.6008545464443616 -0.7566931498379847 0 0 0 1 0 0 0 0 
-0.6115384316734597 -0.41754639685121764 0 0 1 0 0 0 0 0 
0.10406281863670204 -0.2475760886046577 0 0 0 0 0 0 0 1 
-0.3991578526464369 0.15483700189361277 0 1 0 0 0 0 0 0 
-0.0854713392842103 -0.5904861507798452 0 0 0 0 0 0 1 0 
0.4946343923068418 0.12910450546542215 1 0 0 0 0 0 0 0 
0.8163887078268142 0.5674727632214787 0 0 0 0 1 0 0 0 
0.7932470741152146 0.23231472682771998 0 0 0 0 1 0 0 0 
-0.7754104425498102 0.585837267895328 0 0 0 0 0 1 0 0 
0.04379555085472262 0.11837587184672595 1 0 0 0 0 0 0 0 
0.07936544567530954 0.6273321808932041 1 0 0 0 0 0 0 0 
0.047900857752214816 -0.10183653112622502 0 0 0 0 0 0 0 1 
0.18963174961844345 -0.6976985686996949 0 0 0 0 0 0 0 1 
-0.5437450837783586 0.6308001463842077 0 0 0 0 0 1 0 0 
0.3239254440760211 -0.22366842496558426 0 0 0 0 0 0 0 1 
-0.3809085442445763 -0.039721156860220964 0 0 0 0 0 0 1 0 
-0.22211027184369378 -0.19927557711936894 0 0 0 0 0 0 1 0 
0.22678509315451792 0.04854131433821386 1 0 0 0 0 0 0 0 
0.5861585609867191 -0.7009931538975681 0 0 0 1 0 0 0 0 
0.26836363605377295 0.06767476963408067 1 0 0 0 0 0 0 0 
0.006731963079896424 0.48443149703449484 1 0 0 0 0 0 0 0 
0.00028290146217680633 4.1210366714318925e-05 1 0 0 0 0 0 0 0 
-0.02949408295404049 0.11934352448249547 0 1 0 0 0 0 0 0 
-0.08311697501287608 -0.13755133700176028 0 0 0 0 0 0 1 0 
-0.09824022435609513 0.1559180546506103 0 1 0 0 0 0 0 0 
-0.25392038043481235 -0.037122105348602955 0 0 0 0 0 0 1 0 
0.04596250886463922 0.16940863730051137 1 0 0 0 0 0 0 0 
0.0803306646166563 -0.0636195162491696 0 0 0 0 0 0 0 1 
0.11613116142684843 -0.4130341993602945 0 0 0 0 0 0 0 1 
-0.3838975803522905 0.28072966428499374 0 1 0 0 0 0 0 0 
-0.19696303441368987 -0.5506282949026933 0 0 0 0 0 0 1 0 
-0.0374220147783734 -0.5392044361569897 0 0 0 0 0 0 1 0 
-0.08060358749604482 0.22846983674879454 0 1 0 0 0 0 0 0 
-0.546092791298277 -0.7748073092536596 0 0 1 0 0 0 0 0 
0.025620959164046674 0.06361896980252357 1 0 0 0 0 0 0 0 
0.21880541537762918 -0.2112181231048668 0 0 0 0 0 0 0 1 
0.6686589441936852 0.2121977495092454 1 0 0 0 0 0 0 0 
0.2290436232639971 0.11594624884585333 1 0 0 0 0 0 0 0 
-0.856817001783183 -0.17785957675893427 0 0 1 0 0 0 0 0 
-0.12490462506876876 -0.19577556868910562 0 0 0 0 0 0 1 0 
-0.5140113239006168 0.18999333324754675 0 1 0 0 0 0 0 0 
0.7665975609990919 0.21331388452939593 1 0 0 0 0 0 0 0 
0.843298332724767 -0.07214864470281598 0 0 0 0 0 0 0 1 
-0.05855337674190801 0.09570769851248674 0 1 0 0 0 0 0 0 
-0.5400061374166345 0.6875235208871825 0 0 0 0 0 1 0 0 
-0.2963375387588404 0.2977174227289753 0 1 0 0 0 0 0 0 
0.19656504701293268 -0.03691796503207002 0 0 0 0 0 0 0 1 
0.4826579311283611 0.11078217436196994 1 0 0 0 0 0 0 0 
0.5669855351956871 -0.4258288880625739 0 0 0 0 0 0 0 1 
0.7554844657141461 0.29331054312232574 0 0 0 0 1 0 0 0 
-0.2801826076837014 0.5389080969342074 0 1 0 0 0 0 0 0 
0.009599732867738539 0.012297633607986254 1 0 0 0 0 0 0 0 
0.003269127965658139 -0.0012047534120250604 0 0 0 0 0 0 0 1 
-0.025439447572579894 0.240136766418109 0 1 0 0 0 0 0 0 
0.7597697101628839 -0.4848376560440894 0 0 0 1 0 0 0 0 
0.7205659425786175 0.011309327501654325 1 0 0 0 0 0 0 0 
-0.05830492170388208 -0.0749427864252337 0 0 0 0 0 0 1 0 
0.20392699907722217 0.34208640282355357 1 0 0 0 0 0 0 0 
-0.4754775268514299 0.3435048514316089 0 1 0 0 0 0 0 0 
0.029371477784601238 -0.005423423093052018 0 0 0 0 0 0 0 1 
-0.8509788873234505 -0.458686255578366 0 0 1 0 0 0 0 0 
0.06692136083015499 -0.7651262726320865 0 0 0 0 0 0 0 1 
-0.010523229139187061 0.30008118468365763 0 1 0 0 0 0 0 0 
0.10319336904088375 0.19433945945309078 1 0 0 0 0 0 0 0 
-0.5429906735688039 -0.09033541818958675 0 0 0 0 0 0 1 0 
0.059429436576348 -0.0023798916077160063 0 0 0 0 0 0 0 1 
-0.512712289922148 -0.8416270261680491 0 0 1 0 0 0 0 0 
-0.3878840647015165 -0.5583985135354018 0 0 0 0 0 0 1 0 
-0.04796935622311165 -0.8425517783157548 0 0 0 0 0 0 1 0 
-0.41222040197623455 -0.6431321871154627 0 0 1 0 0 0 0 0 
0.24283400976567998 0.38399992569581726 1 0 0 0 0 0 0 0 
-0.1760930203003436 -0.0036868178020562923 0 0 0 0 0 0 1 0 
0.0976345853105537 0.23113031847864302 1 0 0 0 0 0 0 0 
-0.5090203250278653 -0.14068355223475162 0 0 0 0 0 0 1 0 
-0.08297694371274705 -0.05296101922850343 0 0 0 0 0 0 1 0 
0.20228026702659826 0.024989402529768803 1 0 0 0 0 0 0 0 
-0.23891616398288823 -0.037704660495086154 0 0 0 0 0 0 1 0 
-0.30318953658891656 0.3639179836061308 0 1 0 0 0 0 0 0 
0.5562156733894987 0.6728596930163943 0 0 0 0 1 0 0 0 
-0.2733339355901592 0.3586525440663135 0 1 0 0 0 0 0 0 
-0.031556830777499593 -0.02225838639861444 0 0 0 0 0 0 1 0 
-0.18682610254062926 -0.1758146268704148 0 0 0 0 0 0 1 0 
0.0652342753948292 0.06545582593655903 1 0 0 0 0 0 0 0 
-0.36447728512957034 -0.031232842124726726 0 0 0 0 0 0 1 0 
0.08820387572966865 -0.33134281314177294 0 0 0 0 0 0 0 1 
-0.17199050401935942 -0.6256208909243771 0 0 0 0 0 0 1 0 
-0.1708082935669512 -0.17870261403478963 0 0 0 0 0 0 1 0 
0.1120232555815059 0.5580008564764495 1 0 0 0 0 0 0 0 
-0.45916253993157974 -0.8393698070935662 0 0 1 0 0 0 0 0 
0.8571159067085485 0.33555656518817234 0 0 0 0 1 0 0 0 
0.4706968928116225 0.876022034981886 0 0 0 0 1 0 0 0 
0.49556694117468747 0.5734533299948065 0 0 0 0 1 0 0 0 
0.6617262390582715 0.3023772049088061 1 0 0 0 0 0 0 0 
0.00559205139336249 -0.0025205166394355514 0 0 0 0 0 0 0 1 
0.5491265656591987 -0.18879535299315323 0 0 0 0 0 0 0 1 
-0.37029948525729073 -0.5144103571205368 0 0 0 0 0 0 1 0 
-0.8125080728060247 0.5374015741505681 0 0 0 0 0 1 0 0 
0.09677338709041249 0.08394363710057952 1 0 0 0 0 0 0 0 
0.3287074396752204 0.753530980248865 0 0 0 0 1 0 0 0 
0.003249493904892437 -0.18806402146834458 0 0 0 0 0 0 0 1 
-0.1453679303773027 -0.06823286499447168 0 0 0 0 0 0 1 0 
-0.05234306284259934 0.9706200081515753 0 0 0 0 0 1 0 0 
-0.44556371315301985 -0.026399505508575827 0 0 0 0 0 0 1 0 
-0.7132753170449134 -0.025539000899579167 0 0 0 0 0 0 1 0 
-0.2587740342720326 -0.018087185480885212 0 0 0 0 0 0 1 0 
0.27780517350589784 0.15597311214573437 1 0 0 0 0 0 0 0 
-0.4735934642428415 0.25054573458006907 0 1 0 0 0 0 0 0 
-0.7251044722840378 -0.5274061691549875 0 0 1 0 0 0 0 0 
-0.032037206856172985 -0.6757006573854386 0 0 0 0 0 0 1 0 
-0.2043740597438912 -0.8613821894751315 0 0 1 0 0 0 0 0 
-0.5544784669785926 0.7695364308681978 0 0 0 0 0 1 0 0 
0.5681109929945154 -0.30994290934482027 0 0 0 0 0 0 0 1 
-0.0586374076492964 -0.2947943851625694 0 0 0 0 0 0 1 0 
-0.0863038247696278 -0.10085298369368069 0 0 0 0 0 0 1 0 
-0.32767320315748494 0.5605555719703024 0 1 0 0 0 0 0 0 
-0.5821512159710218 -0.35952252052465217 0 0 0 0 0 0 1 0 
0.5487940096061555 0.3584033473163386 1 0 0 0 0 0 0 0 
0.14680225470929992 -0.2325044313977696 0 0 0 0 0 0 0 1 
-0.1022020063804197 -0.08688402105368635 0 0 0 0 0 0 1 0 
0.23799365883004292 0.16576949816539935 1 0 0 0 0 0 0 0 
-0.3829822821010279 0.16454562772147707 0 1 0 0 0 0 0 0 
0.033486425554685464 0.02847857227818155 1 0 0 0 0 0 0 0 
0.38543595547306736 -0.14014839980897825 0 0 0 0 0 0 0 1 
0.3282174993328004 -0.2963863626424351 0 0 0 0 0 0 0 1 
-0.059451422272738544 -0.2887954572192713 0 0 0 0 0 0 1 0 
0.330990475569658 0.4365019081294744 1 0 0 0 0 0 0 0 
0.44138068407863984 0.02377747461949264 1 0 0 0 0 0 0 0 
-0.25237551149648474 -0.14928572360986037 0 0 0 0 0 0 1 0 
-0.00791473892290108 0.365374209869085 0 1 0 0 0 0 0 0 
0.33604876913903226 -0.7747165374378208 0 0 0 1 0 0 0 0 
-0.28683115855155955 0.2845866844725342 0 1 0 0 0 0 0 0 
-0.44346135730334896 -0.14694260438939769 0 0 0 0 0 0 1 0 
0.9584629892346302 -0.1480265623126516 0 0 0 1 0 0 0 0 
-0.14692804678048385 0.1257581482003249 0 1 0 0 0 0 0 0 
0.5636842168106808 -0.388706370433878 0 0 0 0 0 0 0 1 
-0.1772079070279243 0.8056884794343583 0 1 0 0 0 0 0 0 
0.4251073977143423 -0.5833875424014294 0 0 0 1 0 0 0 0 
-0.04999541373389905 0.060605971872471597 0 1 0 0 0 0 0 0 
-0.914022032311441 -0.003645874550144553 0 0 0 0 0 0 1 0 
0.06747790008686341 0.3319330144141867 1 0 0 0 0 0 0 0 
0.018343779658986977 0.006918964861307305 1 0 0 0 0 0 0 0 
0.16290225347831147 0.18398366003642283 1 0 0 0 0 0 0 0 
-0.47742043808539814 0.2993089672050786 0 1 0 0 0 0 0 0 
-0.08812043125941567 -0.3943130118446486 0 0 0 0 0 0 1 0 
-0.13705986089655492 0.5742849901938063 0 1 0 0 0 0 0 0 
0.39118894007283905 -0.7389256580261263 0 0 0 1 0 0 0 0 
0.3296260211981229 -0.9204794983627901 0 0 0 1 0 0 0 0 
0.21993517795811107 -0.23960809462876562 0 0 0 0 0 0 0 1 
-0.8765173703124085 -0.21737921429518917 0 0 1 0 0 0 0 0 
0.36706488732442594 -0.4315238790855969 0 0 0 0 0 0 0 1 
-0.24288549258617737 -0.305507398681259 0 0 0 0 0 0 1 0 
-0.5918206213818497 0.4971161815354457 0 0 0 0 0 1 0 0 
0.034578526722049405 -0.10188002399026279 0 0 0 0 0 0 0 1 
-0.02465867422486851 -0.0072484060056863565 0 0 0 0 0 0 1 0 
0.5770380185994126 -0.22951525320748145 0 0 0 0 0 0 0 1 
-0.008606096581895935 -0.5920515270655957 0 0 0 0 0 0 1 0 
-0.08214526219082344 -0.736658006697813 0 0 0 0 0 0 1 0 
0.17563382168403446 0.5236565632755228 1 0 0 0 0 0 0 0 
0.3945079690677076 -0.49830903523801306 0 0 0 0 0 0 0 1 
-0.12851601274335406 -0.041053199710057095 0 0 0 0 0 0 1 0 
-0.047753181148393276 -0.6573611255988385 0 0 0 0 0 0 1 0 
-0.006080094884046596 -0.07138253220372516 0 0 0 0 0 0 1 0 
0.059685272352723286 0.3194683753668679 1 0 0 0 0 0 0 0 
-0.38384844996180195 0.09075065298679749 0 1 0 0 0 0 0 0 
0.5061935394420936 -0.4788198336249249 0 0 0 0 0 0 0 1 
-0.1615221343660698 0.8833560426644174 0 0 0 0 0 1 0 0 
0.028872141221468046 0.07830414381643627 1 0 0 0 0 0 0 0 
-0.1678940746380191 0.9745332732153459 0 0 0 0 0 1 0 0 
0.2681156373400398 -0.3015443148581007 0 0 0 0 0 0 0 1 
-0.39449522681090604 -0.49540193804032273 0 0 0 0 0 0 1 0 
-0.36210293553103384 -0.7159368300237933 0 0 1 0 0 0 0 0 
0.08571981257391899 -0.1728232451737655 0 0 0 0 0 0 0 1 
-0.2697518151896429 -0.23551350548978253 0 0 0 0 0 0 1 0 
0.1073050003178699 -0.45089085790437833 0 0 0 0 0 0 0 1 
0.05373863812082703 -0.020115940145721885 0 0 0 0 0 0 0 1 
-0.5886511540375653 0.6438241134181196 0 0 0 0 0 1 0 0 
0.0014251634084012166 0.03322494428812252 1 0 0 0 0 0 0 0 
-0.16771670350099663 0.8694214717983539 0 0 0 0 0 1 0 0 
-0.026975776806603728 -0.00015830769119629787 0 0 0 0 0 0 1 0 
0.3676746126876666 0.3707425144284236 1 0 0 0 0 0 0 0 
0.0033133889211134785 0.016065814572436478 1 0 0 0 0 0 0 0 
-0.2974968862703324 -0.43714221964825195 0 0 0 0 0 0 1 0 
0.014060378737118765 -0.03501440419785038 0 0 0 0 0 0 0 1 
-0.3761890567338261 0.2500669005259774 0 1 0 0 0 0 0 0 
0.04246273602620541 0.057620013477536265 1 0 0 0 0 0 0 0 
-0.08680707662248788 -0.02020373951816695 0 0 0 0 0 0 1 0 
-0.0912338880839199 -0.5826651767619503 0 0 0 0 0 0 1 0 
-0.7006578921502831 -0.29311341148785447 0 0 0 0 0 0 1 0 
0.16519548974342999 0.009004995011784494 1 0 0 0 0 0 0 0 
0.6216326733012965 -0.4003128503147412 0 0 0 1 0 0 0 0 
-0.5317461446311749 0.6523255759194492 0 0 0 0 0 1 0 0 
0.05367015555605132 0.23628902268707117 1 0 0 0 0 0 0 0 
-0.9387848254236235 0.18657391753176975 0 0 0 0 0 1 0 0 
-0.35110765076082623 -0.5804014311027887 0 0 0 0 0 0 1 0 
-0.3529349914562911 0.2690735601314643 0 1 0 0 0 0 0 0 
-0.1208403774429197 -0.2310232942583428 0 0 0 0 0 0 1 0 
0.4925465855928227 0.6069503396531809 0 0 0 0 1 0 0 0 
-0.02768434561323717 0.016552934022454332 0 1 0 0 0 0 0 0 
0.300443369198507 -0.4597431596526769 0 0 0 0 0 0 0 1 
-0.09759755245661551 -0.19155904298044096 0 0 0 0 0 0 1 0 
-0.01933768615836856 0.0008024614492349199 0 1 0 0 0 0 0 0 
0.1922006621336745 0.0730694727229237 1 0 0 0 0 0 0 0 
0.3237467986632432 -0.4746636333709579 0 0 0 0 0 0 0 1 
-0.19111375010269835 -0.14021292513662723 0 0 0 0 0 0 1 0 
0.7360940982326393 0.6056330434006552 0 0 0 0 1 0 0 0 
-0.11722590876065912 -0.4516171310435054 0 0 0 0 0 0 1 0 
0.5828405951214202 0.08707097896971686 1 0 0 0 0 0 0 0 
0.05014400654732582 0.014593995144308331 1 0 0 0 0 0 0 0 
0.031007001478972274 0.3743926887071268 1 0 0 0 0 0 0 0 
-0.012856601345277371 -0.2687377516054537 0 0 0 0 0 0 1 0 
-0.06734421313473724 -0.1907129124833292 0 0 0 0 0 0 1 0 
-0.11558043773176839 0.22706251209984926 0 1 0 0 0 0 0 0 
0.6743303161787193 -0.589258936580526 0 0 0 1 0 0 0 0 
0.8741951411165951 0.30706620520186206 0 0 0 0 1 0 0 0 
-0.572137623083119 -0.6537699305291766 0 0 1 0 0 0 0 0 
-0.2016238898041115 0.29930436963754453 0 1 0 0 0 0 0 0 
0.26823186642277047 -0.4545535704313679 0 0 0 0 0 0 0 1 
0.5956059233030241 -0.15069928626590115 0 0 0 0 0 0 0 1 
0.7704074909487257 -0.21109927786200108 0 0 0 0 0 0 0 1 
0.8165817877949239 -0.042853903880989225 0 0 0 0 0 0 0 1 
0.5921835174265322 0.4258866734797133 0 0 0 0 1 0 0 0 
0.3110807398944 -0.43206105966544933 0 0 0 0 0 0 0 1 
0.36221587104804065 0.8276322075272762 0 0 0 0 1 0 0 0 
0.49982288610871833 -0.01736282523055738 0 0 0 0 0 0 0 1 
0.40949028240005675 -0.44910661992287454 0 0 0 0 0 0 0 1 
-0.005689725776684056 -0.6395474941160283 0 0 0 0 0 0 1 0 
0.45763980853610536 -0.2862408720005926 0 0 0 0 0 0 0 1 
-0.057228510259350863 -0.8331056748436513 0 0 0 0 0 0 1 0 
0.411447263932617 -0.5631867160993235 0 0 0 0 0 0 0 1 
-0.7800364343885654 0.15034717362127628 0 1 0 0 0 0 0 0 
-0.19754834639868338 -0.07552831846483225 0 0 0 0 0 0 1 0 
-0.23181440305531198 0.09893740610809984 0 1 0 0 0 0 0 0 
-0.5672843335934034 0.35029001604283255 0 1 0 0 0 0 0 0 
-0.5395769119488872 -0.4107557127696206 0 0 0 0 0 0 1 0 
-0.7743058688510125 -0.5437963794986419 0 0 1 0 0 0 0 0 
0.56148980014403 0.030541097017897003 1 0 0 0 0 0 0 0 
0.3938409136861994 -0.12731844770520134 0 0 0 0 0 0 0 1 
0.17583423372135062 -0.20163443800846773 0 0 0 0 0 0 0 1 
-0.35377512791728827 -0.09559635566914974 0 0 0 0 0 0 1 0 
0.31185738179725103 0.6123683094022332 1 0 0 0 0 0 0 0 
-0.4901707400161547 0.7384665246609351 0 0 0 0 0 1 0 0 
0.024893405767442686 -0.6496588152995388 0 0 0 0 0 0 0 1 
0.6101157612595746 -0.30530275755004094 0 0 0 0 0 0 0 1 
0.2705297145450729 0.7241990117328545 1 0 0 0 0 0 0 0 
0.9039792253617386 -0.33131424551192806 0 0 0 1 0 0 0 0 
0.48811288219218446 -0.2110516847767091 0 0 0 0 0 0 0 1 
-0.26854736789120826 0.13606480016016972 0 1 0 0 0 0 0 0 
0.6102570418103052 0.5936351362538075 0 0 0 0 1 0 0 0 
0.04435105358650552 -0.4127394081951153 0 0 0 0 0 0 0 1 
0.5857498237141676 0.0371867566967409 1 0 0 0 0 0 0 0 
-0.6883276872105928 0.2381825127182712 0 1 0 0 0 0 0 0 
0.14680156271507191 -0.603983908772206 0 0 0 0 0 0 0 1 
0.4507313595567677 -0.7168375209814322 0 0 0 1 0 0 0 0 
-0.5960701769882462 0.6882627393747963 0 0 0 0 0 1 0 0 
-0.2196856313788573 0.27674538010814503 0 1 0 0 0 0 0 0 
0.09426982345235903 -0.12722629601220628 0 0 0 0 0 0 0 1 
-0.1116265070431624 0.010601890121522482 0 1 0 0 0 0 0 0 
0.02643930833343877 0.022198942279720177 1 0 0 0 0 0 0 0 
-0.09578619992839527 -0.13035767175256122 0 0 0 0 0 0 1 0 
-0.19444944234401404 -0.054724978257366406 0 0 0 0 0 0 1 0 
0.21087957564947374 -0.9347188167962776 0 0 0 1 0 0 0 0 
0.8736104151683065 0.09815572388010033 1 0 0 0 0 0 0 0 
0.014820457840112697 0.44810031627822156 1 0 0 0 0 0 0 0 
-0.04599900197311672 -0.04352477707596729 0 0 0 0 0 0 1 0 
-0.9156373844233213 -0.3002242867269104 0 0 1 0 0 0 0 0 
-0.1439524010895375 0.04440263612232679 0 1 0 0 0 0 0 0 
-0.38621240722778793 0.12469369501418424 0 1 0 0 0 0 0 0 
-0.09565641037257235 -0.48301881306613687 0 0 0 0 0 0 1 0 
-0.0071186522769944955 0.17185860080173765 0 1 0 0 0 0 0 0 
-0.056699434692344224 0.5101673013261151 0 1 0 0 0 0 0 0 
0.8528956468956943 -0.49053588483320804 0 0 0 1 0 0 0 0 
-0.42487687865097784 -0.513138419632988 0 0 0 0 0 0 1 0 
-0.6602535074709049 0.19995667828188557 0 1 0 0 0 0 0 0 
-0.249161452661783 0.3809623817410745 0 1 0 0 0 0 0 0 
-0.18240120332936552 0.21891648729311822 0 1 0 0 0 0 0 0 
0.642169957502925 0.6611399615764953 0 0 0 0 1 0 0 0 
0.030543097214811965 -0.2647424168107831 0 0 0 0 0 0 0 1 
0.27721860707291085 -0.1241299077944543 0 0 0 0 0 0 0 1 
-0.23349247326569264 0.7832359048847259 0 0 0 0 0 1 0 0 
0.2917895452465553 -0.5800127355530655 0 0 0 0 0 0 0 1 
0.3099020450495131 -0.13995339586802347 0 0 0 0 0 0 0 1 
-0.4784589856991752 -0.07791776530063732 0 0 0 0 0 0 1 0 
-0.2516949539183355 -0.7148551827011569 0 0 0 0 0 0 1 0 
0.24432744969901618 -0.9215371094663442 0 0 0 1 0 0 0 0 
-0.12473416181461505 -0.0675949142253874 0 0 0 0 0 0 1 0 
-0.10561385323671295 -0.06273812554050202 0 0 0 0 0 0 1 0 
0.022155070072630234 0.04919565149391456 1 0 0 0 0 0 0 0 
-0.0022534015172666465 0.021951164088217567 0 1 0 0 0 0 0 0 
0.13302364169724254 -0.4722514913887317 0 0 0 0 0 0 0 1 
0.44450133034753403 -0.1575842370653225 0 0 0 0 0 0 0 1 
0.4849902183578012 0.08480401502656368 1 0 0 0 0 0 0 0 
0.08841451331467004 0.12080308885551545 1 0 0 0 0 0 0 0 
-0.2649785365424708 -0.6247979423197709 0 0 0 0 0 0 1 0 
0.14915716003857368 -0.040884542962524625 0 0 0 0 0 0 0 1 
0.0027021955103249517 -0.008473421372689556 0 0 0 0 0 0 0 1 
0.3975553496187055 -0.4494414105188536 0 0 0 0 0 0 0 1 
0.019584817876589916 -0.020320355369407447 0 0 0 0 0 0 0 1 
0.029262273770078603 -0.6414430433136548 0 0 0 0 0 0 0 1 
0.0805916221492671 0.4526398518265567 1 0 0 0 0 0 0 0 
0.36580161407104583 0.33608442750718537 1 0 0 0 0 0 0 0 
-0.40400599135739135 0.42397841275587517 0 1 0 0 0 0 0 0 
-0.3115995580450508 -0.19705964647078641 0 0 0 0 0 0 1 0 
-0.11150448301455293 -0.7439334894054109 0 0 0 0 0 0 1 0 
-0.2033828055954243 -0.4686948297165074 0 0 0 0 0 0 1 0 
0.02981124462126241 -0.4197825225257765 0 0 0 0 0 0 0 1 
-0.04220943183586652 0.6336117702620557 0 1 0 0 0 0 0 0 
-0.7249187680855766 0.3034519078321272 0 0 0 0 0 1 0 0 
-0.007640116189615328 0.3881300384865578 0 1 0 0 0 0 0 0 
-0.10449645748175486 -0.4924702717466274 0 0 0 0 0 0 1 0 
-0.6867673958106396 0.29914757746579934 0 1 0 0 0 0 0 0 
0.8701516099249532 0.4062438230425249 0 0 0 0 1 0 0 0 
0.356670280861567 0.8144307049221631 0 0 0 0 1 0 0 0 
0.5474836446589281 0.32308762549149855 1 0 0 0 0 0 0 0 
0.4326879036580546 -0.32095020377370603 0 0 0 0 0 0 0 1 
0.19709393237444514 -0.6683597430693701 0 0 0 0 0 0 0 1 
-0.722321749230889 0.02186436648254324 0 1 0 0 0 0 0 0 
0.8083595661716089 -0.10692454091153984 0 0 0 0 0 0 0 1 
0.18529967028067162 -0.21953964970346562 0 0 0 0 0 0 0 1 
0.09828216302164076 0.2494948883081886 1 0 0 0 0 0 0 0 
0.6178910249183738 -0.7480583877232474 0 0 0 1 0 0 0 0 
0.05589444238066229 -0.0628926012330107 0 0 0 0 0 0 0 1 
-0.4556879653276659 -0.25066645802827175 0 0 0 0 0 0 1 0 
0.055125564658575675 0.018437590726142292 1 0 0 0 0 0 0 0 
0.12585826121562593 0.36362009687274455 1 0 0 0 0 0 0 0 
0.6323372364442605 -0.15854768477109593 0 0 0 0 0 0 0 1 
-0.762910599320142 0.11493726902711318 0 1 0 0 0 0 0 0 
-0.3217253734536294 0.6968123554639716 0 0 0 0 0 1 0 0 
0.17291944451548508 0.05077723037593343 1 0 0 0 0 0 0 0 
0.271035363611825 0.6380080685763261 1 0 0 0 0 0 0 0 
0.1788308366612761 0.12426021334821143 1 0 0 0 0 0 0 0 
-0.46664232596165023 0.4568319232112436 0 1 0 0 0 0 0 0 
0.8152687524909127 0.4133239741420421 0 0 0 0 1 0 0 0 
0.4194354840088684 0.3299313368696704 1 0 0 0 0 0 0 0 
-0.5405328042923347 0.4525523351893724 0 1 0 0 0 0 0 0 
0.36062901254340823 0.7159476420242267 0 0 0 0 1 0 0 0 
0.17239957966574648 -0.40438323737362847 0 0 0 0 0 0 0 1 
0.6279211598252581 -0.605708673332614 0 0 0 1 0 0 0 0 
0.5837164562145996 0.30764144798661064 1 0 0 0 0 0 0 0 
0.19711901839821766 -0.03848461266977023 0 0 0 0 0 0 0 1 
0.0002995941724387428 -0.0014767427901815125 0 0 0 0 0 0 0 1 
-0.8469485348242041 -0.08931275765392062 0 0 0 0 0 0 1 0 
0.19262571261964298 0.5170694909006359 1 0 0 0 0 0 0 0 
0.6040023455613097 -0.09185439242600897 0 0 0 0 0 0 0 1 
-0.059456183349651644 0.2577892191447243 0 1 0 0 0 0 0 0 
-0.2127272064053309 -0.4014986971276333 0 0 0 0 0 0 1 0 
0.1540698459004938 -0.33397339335831727 0 0 0 0 0 0 0 1 
-0.4914491442419233 -0.16314787154811175 0 0 0 0 0 0 1 0 
0.3764011067422361 -0.6390529069077491 0 0 0 1 0 0 0 0 
-0.01634179309404321 -0.2940318070611807 0 0 0 0 0 0 1 0 
-0.15892148947223295 0.27597923754673853 0 1 0 0 0 0 0 0 
0.03157955654740056 0.07558759017205118 1 0 0 0 0 0 0 0 
0.12291925449230574 0.6820698751676073 1 0 0 0 0 0 0 0 
0.47064617100454953 0.5599371873895337 0 0 0 0 1 0 0 0 
-0.012683211994858432 0.08586570239099584 0 1 0 0 0 0 0 0 
-0.01304840511885122 0.01330267089979217 0 1 0 0 0 0 0 0 
-0.09175310112412874 0.26788329274272354 0 1 0 0 0 0 0 0 
0.6672942373351152 0.013592036170043419 1 0 0 0 0 0 0 0 
-0.41436095054075694 -0.6818682099541985 0 0 1 0 0 0 0 0 
0.9319469145125614 0.08998153079477317 0 0 0 0 1 0 0 0 
-0.2011604655382134 -0.18190384824423178 0 0 0 0 0 0 1 0 
0.7769496607852193 0.5176616660858154 0 0 0 0 1 0 0 0 
-0.606942113100599 -0.6308461698988439 0 0 1 0 0 0 0 0 
0.02283535060183173 0.026567134456482414 1 0 0 0 0 0 0 0 
-0.22349132461140836 0.461294884552066 0 1 0 0 0 0 0 0 
0.1454304627912065 0.27201548140286286 1 0 0 0 0 0 0 0 
-0.0477369719500746 -0.519353083703012 0 0 0 0 0 0 1 0 
-0.458220501425224 0.49172726431771124 0 1 0 0 0 0 0 0 
-0.26275616426760845 0.8370556903846491 0 0 0 0 0 1 0 0 
0.00361046788242352 0.3644383491914802 1 0 0 0 0 0 0 0 
-0.6850036434246306 0.5164039924810622 0 0 0 0 0 1 0 0 
0.4326527577571188 0.30222800698148433 1 0 0 0 0 0 0 0 
-0.4336807053545757 0.3801052854711917 0 1 0 0 0 0 0 0 
-0.016064102655839428 -0.10342728514313883 0 0 0 0 0 0 1 0 
0.24752419423807476 0.5045990552083929 1 0 0 0 0 0 0 0 
-0.33537425902375745 0.7127146862723333 0 0 0 0 0 1 0 0 
-0.6845819978587938 -0.7190381823754 0 0 1 0 0 0 0 0 
0.24415875972532664 -0.5457203643932464 0 0 0 0 0 0 0 1 
0.16048060653365767 -0.2063309123141575 0 0 0 0 0 0 0 1 
-0.006776559174698027 0.0430411817353915 0 1 0 0 0 0 0 0 
0.8061794204480872 0.015562359541383186 1 0 0 0 0 0 0 0 
0.35094006505159314 -0.35599866945063074 0 0 0 0 0 0 0 1 
0.15527351528794484 0.8487391406214052 0 0 0 0 1 0 0 0 
0.16086219959881717 -0.11605820267669466 0 0 0 0 0 0 0 1 
0.4751372696966976 0.2722375420982021 1 0 0 0 0 0 0 0 
0.28538914601762605 -0.3962079286982799 0 0 0 0 0 0 0 1 
-0.34709003500835706 -0.25948829100088977 0 0 0 0 0 0 1 0 
-0.2586886865784745 0.7880648142414602 0 0 0 0 0 1 0 0 
-0.021321553375719133 0.01981056489264853 0 1 0 0 0 0 0 0 
0.3269317638297494 0.8363174490619693 0 0 0 0 1 0 0 0 
0.17859309155842015 -0.3522066430386559 0 0 0 0 0 0 0 1 
0.42621840995710303 -0.18114378689844562 0 0 0 0 0 0 0 1 
-0.1805918390334777 0.357681640509011 0 1 0 0 0 0 0 0 
-0.030461007568054976 0.06704833131008066 0 1 0 0 0 0 0 0 
-0.29918525523230066 -0.23950907429561993 0 0 0 0 0 0 1 0 
0.2602289353424897 0.22383677978812358 1 0 0 0 0 0 0 0 
-0.2543993033171895 -0.3286543303723988 0 0 0 0 0 0 1 0 
0.04963207586987201 0.5934677821588177 1 0 0 0 0 0 0 0 
0.17546234003209277 0.923923040588915 0 0 0 0 1 0 0 0 
-0.22782656069712917 -0.8877067087400339 0 0 1 0 0 0 0 0 
-0.3886092750992104 0.01476732685772121 0 1 0 0 0 0 0 0 
-0.9499226779836442 -0.08519456934295996 0 0 1 0 0 0 0 0 
-0.0015307496884659811 -0.9429392364977233 0 0 0 0 0 0 1 0 
-0.26528614834234726 0.4491476395900846 0 1 0 0 0 0 0 0 
-0.012698388854693432 0.01920234858961489 0 1 0 0 0 0 0 0 
-0.4250489680426347 -0.8181206301780097 0 0 1 0 0 0 0 0 
0.18693040069780428 0.3808843714666771 1 0 0 0 0 0 0 0 
0.3278833810175109 -0.022387977011461852 0 0 0 0 0 0 0 1 
0.08652225797882603 -0.13376473210903725 0 0 0 0 0 0 0 1 
-0.631400764382521 0.38583240889971676 0 0 0 0 0 1 0 0 
-0.09837118781488835 -0.28549993605934476 0 0 0 0 0 0 1 0 
0.44254813645343466 0.4534749028497633 1 0 0 0 0 0 0 0 
-0.5767891051819853 0.4318100716960802 0 0 0 0 0 1 0 0 
0.7885153916511779 0.06334931910863825 1 0 0 0 0 0 0 0 
0.7563490191578345 -0.02176036345837859 0 0 0 0 0 0 0 1 
0.07498544692332278 0.10345443565822465 1 0 0 0 0 0 0 0 
0.03373000512867703 0.4496107601253001 1 0 0 0 0 0 0 0 
0.30735827911857555 0.06911863609717424 1 0 0 0 0 0 0 0 
-0.4649132380955225 -0.4796931885535001 0 0 0 0 0 0 1 0 
0.1819514378230262 0.032298075846796954 1 0 0 0 0 0 0 0 
-0.02811347818064628 0.1356291488794321 0 1 0 0 0 0 0 0 
0.20189950998336284 0.19559560252819966 1 0 0 0 0 0 0 0 
0.4924390698416162 0.46662331585466293 1 0 0 0 0 0 0 0 
-0.01334979688383006 0.046342762552083444 0 1 0 0 0 0 0 0 
-0.18089413206340488 0.6804652261892244 0 1 0 0 0 0 0 0 
-0.11834943845657483 0.08911302041652434 0 1 0 0 0 0 0 0 
0.011810875691460705 0.12665275259277622 1 0 0 0 0 0 0 0 
0.8698169144864283 0.23951366542151178 0 0 0 0 1 0 0 0 
-0.32512678493430536 0.03522012202979348 0 1 0 0 0 0 0 0 
0.0353314171209123 0.29437344092150897 1 0 0 0 0 0 0 0 
0.02270117668816084 0.5150131487727638 1 0 0 0 0 0 0 0 
0.050385549877880145 -0.007478922141926351 0 0 0 0 0 0 0 1 
0.030946640901580176 -0.1704921151037265 0 0 0 0 0 0 0 1 
-0.55456515303057 0.225983898517258 0 1 0 0 0 0 0 0 
0.5922763224498216 0.4663644010381636 0 0 0 0 1 0 0 0 
-0.7750353326116011 -0.09536352872401464 0 0 0 0 0 0 1 0 
-0.5745722528927479 0.4403046837197233 0 0 0 0 0 1 0 0 
0.03245222335362369 -0.4903448187113896 0 0 0 0 0 0 0 1 
-0.2809970747256569 0.6215811209854474 0 1 0 0 0 0 0 0 
0.4401509105250771 0.4419354505534845 1 0 0 0 0 0 0 0 
0.46740220909782976 0.628090578569753 0 0 0 0 1 0 0 0 
0.06685343710217641 -0.3379319451829285 0 0 0 0 0 0 0 1 
-0.21414298026516268 0.054490243760678715 0 1 0 0 0 0 0 0 
-0.4649141615930156 0.5575301163206242 0 0 0 0 0 1 0 0 
-0.0028768094977483652 0.7148280449695884 0 1 0 0 0 0 0 0 
0.0880539033594422 -0.7963572626464731 0 0 0 0 0 0 0 1 
0.05931558184782633 -0.844070939888747 0 0 0 0 0 0 0 1 
-0.6354192603967456 -0.2878552812315566 0 0 0 0 0 0 1 0 
0.009939573549477899 -0.48407083115071026 0 0 0 0 0 0 0 1 
0.9070554353407068 0.32509058344586506 0 0 0 0 1 0 0 0 
-0.008116423027546633 -0.0029215252751443803 0 0 0 0 0 0 1 0 
0.6016887380896692 -0.5842751827943266 0 0 0 1 0 0 0 0 
-0.2211675506466927 0.9062431711393323 0 0 0 0 0 1 0 0 
-0.4394537493215919 -0.17994739692732642 0 0 0 0 0 0 1 0 
0.6906489246691231 0.626143672108174 0 0 0 0 1 0 0 0 
0.17477711017835712 -0.8081248367926107 0 0 0 0 0 0 0 1 
-0.8031100672933474 -0.272181247287281 0 0 1 0 0 0 0 0 
-0.40264956463835955 0.26725093371786135 0 1 0 0 0 0 0 0 
0.14551230461787557 -0.07041005044385508 0 0 0 0 0 0 0 1 
-0.8444714182588692 -0.1753282788958889 0 0 1 0 0 0 0 0 
-0.6005730318012561 -0.027642486157455067 0 0 0 0 0 0 1 0 
0.06659215020754748 0.2795890814711725 1 0 0 0 0 0 0 0 
-0.05179522190801197 -0.010441094416223831 0 0 0 0 0 0 1 0 
0.24539578298348574 0.16216802583379852 1 0 0 0 0 0 0 0 
0.028681645782830056 -0.05238187132358205 0 0 0 0 0 0 0 1 
-0.5675605100952639 0.37976305950473227 0 1 0 0 0 0 0 0 
-0.4007825641589734 0.09857086214890756 0 1 0 0 0 0 0 0 
0.3932829798377713 0.3657332963457955 1 0 0 0 0 0 0 0 
0.07654617928591402 -0.21385135156738527 0 0 0 0 0 0 0 1 
0.5134937290736079 -0.5833692350728059 0 0 0 1 0 0 0 0 
0.23065939447301764 -0.40999917736474 0 0 0 0 0 0 0 1 
0.041570445341166995 0.001482560932443608 1 0 0 0 0 0 0 0 
0.09851997862720016 0.26814146270368583 1 0 0 0 0 0 0 0 
0.327019287031891 -0.23089864624538908 0 0 0 0 0 0 0 1 
-0.22946706001952952 0.3926003448298059 0 1 0 0 0 0 0 0 
0.23895267799238412 -0.0940998175665206 0 0 0 0 0 0 0 1 
0.3999506199813233 0.5463645754022519 1 0 0 0 0 0 0 0 
-0.12387490082064526 -0.8928712092391935 0 0 1 0 0 0 0 0 
0.0034276205295139675 0.0026678422206627035 1 0 0 0 0 0 0 0 
-0.4964763931121931 -0.48377251154832446 0 0 0 0 0 0 1 0 
-0.16523721819181603 -0.11564966834763554 0 0 0 0 0 0 1 0 
-0.023465243781774833 -0.9707218132912937 0 0 0 0 0 0 1 0 
0.6050641303987845 0.757392889159537 0 0 0 0 1 0 0 0 
0.15385892515749205 -0.5408800960448734 0 0 0 0 0 0 0 1 
-0.2928907047356245 -0.8416172653803239 0 0 1 0 0 0 0 0 
-0.22334894394695953 -0.8862867383595602 0 0 1 0 0 0 0 0 
-0.9306248597740925 0.22114737203179952 0 0 0 0 0 1 0 0 
-0.2753849512231758 0.36584402807986155 0 1 0 0 0 0 0 0 
-0.24162489646176516 0.655951219074351 0 1 0 0 0 0 0 0 
-0.03451677555820392 0.021547335792181068 0 1 0 0 0 0 0 0 
0.4219538727190948 -0.17855424963732514 0 0 0 0 0 0 0 1 
-0.13467533659429673 0.28089168060660624 0 1 0 0 0 0 0 0 
0.11393956553721286 -0.3614796813949158 0 0 0 0 0 0 0 1 
0.20944087668095465 -0.18691877782082877 0 0 0 0 0 0 0 1 
-0.4608634713007431 0.2698460515052088 0 1 0 0 0 0 0 0 
-0.09476242777927078 -0.09403918742544472 0 0 0 0 0 0 1 0 
-0.6413984382412219 -0.5491894891223027 0 0 1 0 0 0 0 0 
-0.2868012679389467 0.16398875314071884 0 1 0 0 0 0 0 0 
-0.4259446666635881 -0.19121831989476645 0 0 0 0 0 0 1 0 
-0.6532513640306109 -0.4402428267545701 0 0 1 0 0 0 0 0 
-0.29060567425762257 0.7024823264955419 0 1 0 0 0 0 0 0 
-0.1875457486886653 -0.3103937871563077 0 0 0 0 0 0 1 0 
-0.2549065324759973 -0.7965045412083898 0 0 1 0 0 0 0 0 
0.7622357884116563 -0.308677402885891 0 0 0 1 0 0 0 0 
0.2913117030462629 -0.4788554240558586 0 0 0 0 0 0 0 1 
0.25827225153696465 0.27893509724793963 1 0 0 0 0 0 0 0 
-0.0834871557177185 -0.19443568139766246 0 0 0 0 0 0 1 0 
0.004253180623991534 -0.27313361380705575 0 0 0 0 0 0 0 1 
0.599816429805887 0.11120814612343716 1 0 0 0 0 0 0 0 
0.5317120115449472 0.06551471656795602 1 0 0 0 0 0 0 0 
-0.5966810725884886 0.49990994880841866 0 0 0 0 0 1 0 0 
-0.2853809404830908 0.6884540359528797 0 1 0 0 0 0 0 0 
-0.20471198614057856 0.48163451006893504 0 1 0 0 0 0 0 0 
0.24552057185221116 0.2938198997494613 1 0 0 0 0 0 0 0 
0.04713362189253947 0.5971171472503138 1 0 0 0 0 0 0 0 
-0.6521035766453281 -0.3720640273899846 0 0 1 0 0 0 0 0 
-0.5149915828492176 -0.6978918290707111 0 0 1 0 0 0 0 0 
0.7273195896033963 -0.4626430185019225 0 0 0 1 0 0 0 0 
-0.21797739724833753 -0.3752319616537284 0 0 0 0 0 0 1 0 
0.03172656950044484 0.6610143615098476 1 0 0 0 0 0 0 0 
-0.4479067252861034 -0.875652071350038 0 0 1 0 0 0 0 0 
-0.19005429430400195 0.4654552044272438 0 1 0 0 0 0 0 0 
0.08455351137243196 -0.1392753100386813 0 0 0 0 0 0 0 1 
0.5031544981848303 0.2715512348429602 1 0 0 0 0 0 0 0 
0.2384465715287454 -0.8918276959269271 0 0 0 1 0 0 0 0 
-0.07072806241109783 0.002003671802905298 0 1 0 0 0 0 0 0 
-0.620173497260394 0.2378959198220823 0 1 0 0 0 0 0 0 
-0.7616583892299585 0.06776086889981156 0 1 0 0 0 0 0 0 
0.6071194528228697 0.25705565917207013 1 0 0 0 0 0 0 0 
0.22919445466564517 0.8178302992548746 0 0 0 0 1 0 0 0 
0.15374702460191816 -0.040347428027083874 0 0 0 0 0 0 0 1 
-0.15342454974365316 0.46067828545981826 0 1 0 0 0 0 0 0 
0.20639733927375817 -0.38707625458815664 0 0 0 0 0 0 0 1 
-0.7456747383830312 0.26905152970027996 0 0 0 0 0 1 0 0 
-0.07865158435183058 -0.18237600457800027 0 0 0 0 0 0 1 0 
-0.06866664197929749 0.6529131752228395 0 1 0 0 0 0 0 0 
0.5833996835623084 0.6079663786347708 0 0 0 0 1 0 0 0 
-0.4928086905090336 0.18286414835483797 0 1 0 0 0 0 0 0 
-0.08077778060278402 -0.16645725763267916 0 0 0 0 0 0 1 0 
-0.4411338636265457 0.18039805478111162 0 1 0 0 0 0 0 0 
-0.5763196874982259 -0.8063342319759251 0 0 1 0 0 0 0 0 
0.31274957294614847 0.3846758773966584 1 0 0 0 0 0 0 0 
-0.020035077259343705 -0.39286426498493127 0 0 0 0 0 0 1 0 
0.1257932912032202 0.45153760626350425 1 0 0 0 0 0 0 0 
0.15604656525440913 0.011444132327410468 1 0 0 0 0 0 0 0 
0.7354599120857369 0.5380288334987088 0 0 0 0 1 0 0 0 
-0.27059375500730515 0.6986103950461007 0 1 0 0 0 0 0 0 
0.5046358149963883 0.41843797535373034 1 0 0 0 0 0 0 0 
0.7891632977094399 -0.4856262948396113 0 0 0 1 0 0 0 0 
0.5069539286666068 -0.4663264929192759 0 0 0 0 0 0 0 1 
-0.6517051308885122 0.2801501591014678 0 1 0 0 0 0 0 0 
-0.678191847086901 -0.5129024226812947 0 0 1 0 0 0 0 0 
-0.89041997608846 -0.29079634305882124 0 0 1 0 0 0 0 0 
-0.6391907001403819 0.20831135137014492 0 1 0 0 0 0 0 0 
0.22891457304203378 0.2640710246160703 1 0 0 0 0 0 0 0 
0.030026652711460725 0.0489531975963728 1 0 0 0 0 0 0 0 
0.050541870823270295 -0.0326681884507751 0 0 0 0 0 0 0 1 
0.471102866457293 0.36398396831958035 1 0 0 0 0 0 0 0 
0.17014577677058482 0.23530096668927888 1 0 0 0 0 0 0 0 
-0.4547359409867013 0.17169543226761522 0 1 0 0 0 0 0 0 
-0.7783234029171526 0.20435342106931575 0 1 0 0 0 0 0 0 
0.1458402845203826 0.5176189490925455 1 0 0 0 0 0 0 0 
-0.7537655298592049 -0.2715843657163878 0 0 1 0 0 0 0 0 
0.8133319336192941 0.35086170244979453 0 0 0 0 1 0 0 0 
0.17542604446957877 -0.6262029407111482 0 0 0 0 0 0 0 1 
0.7605067980411492 -0.06687333389847316 0 0 0 0 0 0 0 1 
-0.0037410977209201028 0.05001098913531876 0 1 0 0 0 0 0 0 
-0.7614670392338087 0.07283305767365071 0 1 0 0 0 0 0 0 
0.2079559362280051 -0.7646978137768906 0 0 0 0 0 0 0 1 
-0.8903277534964682 0.33949459894868234 0 0 0 0 0 1 0 0 
0.3083986188246578 -0.39861528658151496 0 0 0 0 0 0 0 1 
-0.021787987620449287 -0.06063475308434562 0 0 0 0 0 0 1 0 
0.003944626896531573 0.0011257540814855567 1 0 0 0 0 0 0 0 
0.2999909890818735 -0.5440100409717344 0 0 0 0 0 0 0 1 
-0.034511242929997916 0.509135979631198 0 1 0 0 0 0 0 0 
0.5225522273290316 -0.7652023578456237 0 0 0 1 0 0 0 0 
-0.4533521966802383 0.3660664391428043 0 1 0 0 0 0 0 0 
0.19539379956656908 -0.11415657147758104 0 0 0 0 0 0 0 1 
-0.6795527143283367 0.49611081189811645 0 0 0 0 0 1 0 0 
0.19195333940274723 0.49752664098641614 1 0 0 0 0 0 0 0 
-0.7761281003515865 0.1406679266964813 0 1 0 0 0 0 0 0 
-0.4454032068593957 -0.8671511520589962 0 0 1 0 0 0 0 0 
-0.07578950975010124 0.44782831933511047 0 1 0 0 0 0 0 0 
0.29892723444539115 -0.5620243438551961 0 0 0 0 0 0 0 1 
-0.14618247801307804 0.1176962565530367 0 1 0 0 0 0 0 0 
-0.2260968898879104 -0.6226400666793922 0 0 0 0 0 0 1 0 
0.6134695704175361 0.09130102050190379 1 0 0 0 0 0 0 0 
0.6848235502093258 0.3003088128051154 1 0 0 0 0 0 0 0 
-0.8637397258429153 0.05460533906618579 0 1 0 0 0 0 0 0 
-0.2388638582885153 -0.28553939720053584 0 0 0 0 0 0 1 0 
-0.06390792751223359 0.1414240041733784 0 1 0 0 0 0 0 0 
0.23530049572071063 0.24601054262508637 1 0 0 0 0 0 0 0 
0.44545577440424017 0.557702481101672 0 0 0 0 1 0 0 0 
0.03328366243016927 0.7411134775238358 1 0 0 0 0 0 0 0 
-0.12479705155999743 0.015264695042312537 0 1 0 0 0 0 0 0 
-0.8579543662924328 -0.17302519536047684 0 0 1 0 0 0 0 0 
0.5233616371012011 0.30958504006868093 1 0 0 0 0 0 0 0 
-0.6887457033025974 -0.4292713012762678 0 0 1 0 0 0 0 0 
0.2069281848974872 -0.044399588037696856 0 0 0 0 0 0 0 1 
0.8661008720804818 0.3554931710043938 0 0 0 0 1 0 0 0 
-0.5527547000913408 0.7999537478584975 0 0 0 0 0 1 0 0 
-0.041717887145745966 0.3656606015658106 0 1 0 0 0 0 0 0 
-0.062023665860540124 0.14671234200541733 0 1 0 0 0 0 0 0 
-0.04836578154697907 -0.05345291406500253 0 0 0 0 0 0 1 0 
-0.18763253248126238 -0.8117430456204173 0 0 0 0 0 0 1 0 
-0.40565974204730726 -0.1962169684287498 0 0 0 0 0 0 1 0 
0.18428184758406602 -0.2595971142318661 0 0 0 0 0 0 0 1 
-0.6283040718159784 -0.20805612507494828 0 0 0 0 0 0 1 0 
0.6714374879631497 -0.11030186500944367 0 0 0 0 0 0 0 1 
0.40764667167108626 -0.41893814960772074 0 0 0 0 0 0 0 1 
0.41044414778053606 0.048178372246789496 1 0 0 0 0 0 0 0 
0.7481966569459794 0.43984446376214803 0 0 0 0 1 0 0 0 
0.8436971164276577 0.08262790384167966 1 0 0 0 0 0 0 0 
-0.9753151759800748 0.06242576783326362 0 0 0 0 0 1 0 0 
-0.31054555846279097 0.17410190989428478 0 1 0 0 0 0 0 0 
0.06187735348024242 -0.069694926876553 0 0 0 0 0 0 0 1 
0.5838808646377083 0.14696597344063012 1 0 0 0 0 0 0 0 
0.01693523521276274 0.27638415786301324 1 0 0 0 0 0 0 0 
0.8076347782882197 0.2621015132636988 0 0 0 0 1 0 0 0 
-0.5864861686908163 -0.09529033004743977 0 0 0 0 0 0 1 0 
-0.011510553079249818 -0.12127528571249221 0 0 0 0 0 0 1 0 
-0.08468615890793653 0.007859415487293842 0 1 0 0 0 0 0 0 
-0.30883001692624523 0.44865639485200554 0 1 0 0 0 0 0 0 
0.44602320875005824 0.37248038812969453 1 0 0 0 0 0 0 0 
-0.32442811326134047 0.08560742509188168 0 1 0 0 0 0 0 0 
0.30001646153814937 -0.10512356483862045 0 0 0 0 0 0 0 1 
0.0170441466017594 0.2543406955135449 1 0 0 0 0 0 0 0 
0.06447191168345065 0.599494396608411 1 0 0 0 0 0 0 0 
-0.24826490755626462 -0.9506501745249929 0 0 1 0 0 0 0 0 
0.8502124319782793 -0.4073877102954394 0 0 0 1 0 0 0 0 
0.13577839109871762 0.6568772288506012 1 0 0 0 0 0 0 0 
-0.07528591337940735 0.08089897508209207 0 1 0 0 0 0 0 0 
0.4006376660578868 0.42079957528812467 1 0 0 0 0 0 0 0 
0.19517161412448034 0.43785836761235464 1 0 0 0 0 0 0 0 
-0.06595020608624444 0.6945035675620533 0 1 0 0 0 0 0 0 
0.3063139102740308 -0.17214481471055856 0 0 0 0 0 0 0 1 
-0.14680231767562982 -0.9127175780704755 0 0 1 0 0 0 0 0 
0.6330947464609191 0.5019899898496449 0 0 0 0 1 0 0 0 
0.48956653149520024 0.4275438073755716 1 0 0 0 0 0 0 0 
0.17948527839827094 0.05514979355866448 1 0 0 0 0 0 0 0 
-0.5368626244789032 0.2942810104308986 0 1 0 0 0 0 0 0 
-0.8789973229226079 -0.21216457789039855 0 0 1 0 0 0 0 0 
0.4163287259347211 0.7709276538987097 0 0 0 0 1 0 0 0 
-0.3194544888718425 -0.30962784354498846 0 0 0 0 0 0 1 0 
-0.03394771125173136 0.0477473571688235 0 1 0 0 0 0 0 0 
-0.1758364814111071 0.07246275220850912 0 1 0 0 0 0 0 0 
-0.1791461062142174 -0.07384712088508484 0 0 0 0 0 0 1 0 
-0.7525006884434275 0.2949210278148598 0 0 0 0 0 1 0 0 
-0.8748704804237247 -0.28807213218952965 0 0 1 0 0 0 0 0 
-0.5792626711753256 -0.6982556129500016 0 0 1 0 0 0 0 0 
0.10564243102133151 -0.12807716244180345 0 0 0 0 0 0 0 1 
0.263058754230258 0.3463670577515165 1 0 0 0 0 0 0 0 
-0.22610626292746738 0.968945772594122 0 0 0 0 0 1 0 0 
0.061623378352250714 -0.5972458324546792 0 0 0 0 0 0 0 1 
-0.35175974141982913 -0.6613242605927399 0 0 1 0 0 0 0 0 
0.5182898114372262 0.27844469551973394 1 0 0 0 0 0 0 0 
-0.38729351945451435 -0.88868229991626 0 0 1 0 0 0 0 0 
0.4617853850262204 0.4225663885779458 1 0 0 0 0 0 0 0 
0.46253505093527764 -0.1560887536555379 0 0 0 0 0 0 0 1 
-0.40806989066051336 0.787021482558911 0 0 0 0 0 1 0 0 
0.21018013029609758 -0.6857329655451774 0 0 0 0 0 0 0 1 
0.4889262726970206 0.1436473433053912 1 0 0 0 0 0 0 0 
-0.7512844771344747 0.43270576515097653 0 0 0 0 0 1 0 0 
-0.08359073708267126 -0.3986149938539253 0 0 0 0 0 0 1 0 
-0.1878203490767212 -0.32918892422882773 0 0 0 0 0 0 1 0 
-0.43129376380866 -0.48498545554895556 0 0 0 0 0 0 1 0 
-0.01021265092439327 -0.035127818313656425 0 0 0 0 0 0 1 0 
-0.4533555268601594 -0.1540069432637909 0 0 0 0 0 0 1 0 
0.8717063534375423 0.4807299887998813 0 0 0 0 1 0 0 0 
-0.10650377866948715 -0.13267710390136067 0 0 0 0 0 0 1 0 
0.31330754040708547 0.141007776548622 1 0 0 0 0 0 0 0 
-0.4885864818323245 -0.42395654502589947 0 0 0 0 0 0 1 0 
-0.06530977596562206 -0.5379514139402637 0 0 0 0 0 0 1 0 
0.6447098651523663 -0.08022149053753595 0 0 0 0 0 0 0 1 
-0.32723736337393605 0.16770534378536525 0 1 0 0 0 0 0 0 
-0.5239777004264662 -0.23997181013888758 0 0 0 0 0 0 1 0 
-0.08393091080730875 -0.23272407420216512 0 0 0 0 0 0 1 0 
-0.14164565411432004 -0.3614450584767844 0 0 0 0 0 0 1 0 
-0.5180149725886918 -0.715405750592852 0 0 1 0 0 0 0 0 
0.1383745244556313 -0.6885574803496483 0 0 0 0 0 0 0 1 
0.786556644593718 0.5012693660297531 0 0 0 0 1 0 0 0 
0.501666197211628 0.6751862457703611 0 0 0 0 1 0 0 0 
-0.33561824320393474 -0.11955621946092364 0 0 0 0 0 0 1 0 
0.25624215867033956 0.00407021065951427 1 0 0 0 0 0 0 0 
-0.6912277559078325 -0.4058501961012123 0 0 1 0 0 0 0 0 
0.6538806247636424 0.15317394595830047 1 0 0 0 0 0 0 0 
0.057732911619566486 0.40452831503515635 1 0 0 0 0 0 0 0 
-0.7083606409261125 0.07541145466252996 0 1 0 0 0 0 0 0 
0.4115574845261203 -0.7275358038191694 0 0 0 1 0 0 0 0 
-0.14775359046114178 0.6987833677309283 0 1 0 0 0 0 0 0 
0.5722986642716896 -0.5614693972076044 0 0 0 1 0 0 0 0 
0.19359001616285873 0.3211524314871047 1 0 0 0 0 0 0 0 
-0.13282119156049887 -0.016015777395529965 0 0 0 0 0 0 1 0 
0.47847315600345763 0.6070446980314426 0 0 0 0 1 0 0 0 
0.6527610717080218 0.039988946506766 1 0 0 0 0 0 0 0 
-0.38332125527283717 -0.6048369225551588 0 0 0 0 0 0 1 0 
-0.6953051373775792 0.5591294261740635 0 0 0 0 0 1 0 0 
-0.12923532546688254 -0.02089725765963762 0 0 0 0 0 0 1 0 
-0.08489028041326417 0.656037092966531 0 1 0 0 0 0 0 0 
-0.36043480885376905 -0.2285038014993797 0 0 0 0 0 0 1 0 
-0.005121974407902952 -0.06671043910611438 0 0 0 0 0 0 1 0 
-0.501784501364162 -0.5336169503748055 0 0 1 0 0 0 0 0 
0.5975266075471575 0.11366134343857076 1 0 0 0 0 0 0 0 
-0.08047987839247732 -0.048720692158179535 0 0 0 0 0 0 1 0 
-0.2016191759371119 0.10415176306319389 0 1 0 0 0 0 0 0 
-0.27773743744109436 -0.5187529202171658 0 0 0 0 0 0 1 0 
0.2336691237713287 -0.09803867946116739 0 0 0 0 0 0 0 1 
-0.3092356979686246 0.026356517136828433 0 1 0 0 0 0 0 0 
0.033367230864547355 0.011624096264896614 1 0 0 0 0 0 0 0 
-0.06721308742476628 0.16997994462516086 0 1 0 0 0 0 0 0 
-0.7421644182417791 -0.5595347683819725 0 0 1 0 0 0 0 0 
0.7167791039526433 0.10668043564945617 1 0 0 0 0 0 0 0 
0.1635091407881079 -0.8655916935415764 0 0 0 1 0 0 0 0 
-0.49704746209373446 0.17927680775887417 0 1 0 0 0 0 0 0 
-0.34187995036572094 0.38937681233511146 0 1 0 0 0 0 0 0 
-0.5906635572820454 0.10278326155669704 0 1 0 0 0 0 0 0 
-0.03677662528202364 -0.23847973053066132 0 0 0 0 0 0 1 0 
0.7202126269087353 0.426359851054981 0 0 0 0 1 0 0 0 
-0.24612053633096445 0.19354835572813114 0 1 0 0 0 0 0 0 
-0.5534173503371573 0.6996359336720582 0 0 0 0 0 1 0 0 
0.04751777978599863 -0.6429485782998118 0 0 0 0 0 0 0 1 
-0.49010403646427575 0.07776344835343281 0 1 0 0 0 0 0 0 
0.10388521751206992 0.08715751431948808 1 0 0 0 0 0 0 0 
0.7076704919427601 -0.4438717253472384 0 0 0 1 0 0 0 0 
0.12019814052605537 -0.5716164570024174 0 0 0 0 0 0 0 1 
-0.37085253675550095 -0.044429042466644475 0 0 0 0 0 0 1 0 
0.11162351118480418 0.08830698416908431 1 0 0 0 0 0 0 0 
0.01694822971570799 0.9254342563607703 1 0 0 0 0 0 0 0 
-0.35966572840549726 -0.28932781528969803 0 0 0 0 0 0 1 0 
-0.112017773477927 0.42464852538442127 0 1 0 0 0 0 0 0 
-0.1583573119711475 0.6769228803737587 0 1 0 0 0 0 0 0 
-0.38568708172996924 0.5388106092124215 0 1 0 0 0 0 0 0 
0.021142309746003753 0.04077982419349539 1 0 0 0 0 0 0 0 
0.6358151890084158 -0.09294334628864645 0 0 0 0 0 0 0 1 
0.6857892848662827 0.10700015804240268 1 0 0 0 0 0 0 0 
0.4565168165747306 0.10972077011204463 1 0 0 0 0 0 0 0 
0.014546488299633698 -0.01057956957321955 0 0 0 0 0 0 0 1 
0.23672618223566427 0.014417600384201177 1 0 0 0 0 0 0 0 
0.2585130793418468 -0.7347943140152724 0 0 0 0 0 0 0 1 
-0.3695878650299447 -0.298388589873073 0 0 0 0 0 0 1 0 
0.17623388170511597 0.06339823058516683 1 0 0 0 0 0 0 0 
-0.2239196078814931 0.6389018311728644 0 1 0 0 0 0 0 0 
-0.6141894967845639 0.28025111989046 0 1 0 0 0 0 0 0 
-0.19998903172222632 0.05697811843844165 0 1 0 0 0 0 0 0 
-0.00466939808443694 0.02048190705413857 0 1 0 0 0 0 0 0 
-0.0483726646885658 -0.24726548441584184 0 0 0 0 0 0 1 0 
0.23672438379834962 0.4864835342346181 1 0 0 0 0 0 0 0 
-0.0027684941162239383 -0.00521071740861124 0 0 0 0 0 0 1 0 
0.11475438539123285 -0.1914398123955802 0 0 0 0 0 0 0 1 
0.31002100701917656 -0.37934413650124765 0 0 0 0 0 0 0 1 
0.1883196923027707 0.38735877324863177 1 0 0 0 0 0 0 0 
-0.39427353006305604 -0.6132177258891596 0 0 1 0 0 0 0 0 
0.5098466928179256 0.5526670549891397 0 0 0 0 1 0 0 0 
0.24882896836194984 -0.9509686821667588 0 0 0 1 0 0 0 0 
