-0.0031254817483824943 0.0027930462700475056 0.03582151779837356 1 0 0 0 0 0 0 0
0.025035272157120425 -0.029600843453821732 -0.05174970122246969 1 0 0 0 0 0 0 0
-0.08400659288509403 -0.06747878332358398 0.04097366509104822 1 0 0 0 0 0 0 0
0.00145546278464255 -0.03945309985799794 0.0817151201603136 1 0 0 0 0 0 0 0
-0.09297728187346094 0.05438965965991757 -0.02264587725022056 1 0 0 0 0 0 0 0
0.01492451666943144 0.04330812889339908 -0.0242395873656623 1 0 0 0 0 0 0 0
0.005599705353327988 0.06298048490253688 -0.01320602633838204 1 0 0 0 0 0 0 0
-0.06405178319081602 0.006284325291925769 -0.059866461067361466 1 0 0 0 0 0 0 0
0.05900607782965339 0.07871056310264427 -0.02594995743315734 1 0 0 0 0 0 0 0
0.0038249276104654895 0.057209615067544156 -0.03973365055593625 1 0 0 0 0 0 0 0
-0.020417716418351356 -0.018831265731484484 -0.04038414765650711 1 0 0 0 0 0 0 0
0.01799118101254593 -0.04440958490987626 0.06446936050815819 1 0 0 0 0 0 0 0
0.017620426529305427 -0.03911344592684334 -0.09755786785651721 1 0 0 0 0 0 0 0
0.038984623699425486 -0.08555412630847702 -0.06752080406512548 1 0 0 0 0 0 0 0
-0.0943821885851893 0.07260480930997507 0.03293277376180054 1 0 0 0 0 0 0 0
-0.013910326142274873 -0.08003402672143987 0.040560176122561964 1 0 0 0 0 0 0 0
0.02385161722519888 0.04370522720823519 0.08969802962460055 1 0 0 0 0 0 0 0
0.029504802723910567 0.09676142614903402 0.08726268834296866 1 0 0 0 0 0 0 0
-0.011318340228196846 0.006231826546315197 -0.04414705892415005 1 0 0 0 0 0 0 0
0.002974845461143766 0.0848852794714535 0.03010179373182928 1 0 0 0 0 0 0 0
0.049229202518324355 -0.011613628451791258 -0.002690618910253323 1 0 0 0 0 0 0 0
-0.05704376405417155 0.050496606350061896 -0.0019710883244386385 1 0 0 0 0 0 0 0
0.02785294592915999 -0.006367746291149778 0.08094586866060535 1 0 0 0 0 0 0 0
-0.05862247767301252 -0.03022186122359878 0.04221610824704128 1 0 0 0 0 0 0 0
0.005456500490495467 0.015098359655748378 -0.05720717162722458 1 0 0 0 0 0 0 0
-0.07334125993232113 -0.03595073936373226 -0.024505272579680534 1 0 0 0 0 0 0 0
0.014455131173901986 -0.009979475479431676 0.018207312238149795 1 0 0 0 0 0 0 0
0.0761265652349 0.08556072359586372 0.07428857376283621 1 0 0 0 0 0 0 0
-0.019206833771496526 -0.05152508888200955 -0.0025352317142205844 1 0 0 0 0 0 0 0
0.0899333851880259 -0.02140541208891067 0.07453971595956352 1 0 0 0 0 0 0 0
-0.07644437609256871 0.010931407867499535 -0.09582480810308587 1 0 0 0 0 0 0 0
0.08149340968313656 -0.014997748147030365 0.07269596588577543 1 0 0 0 0 0 0 0
-0.06074077027953222 0.08928073869052752 0.011104647276490923 1 0 0 0 0 0 0 0
-0.07302714372656556 -0.03619584009618669 -0.008986596360233828 1 0 0 0 0 0 0 0
-0.07632764228211995 -0.010063621051960042 0.09725703575171626 1 0 0 0 0 0 0 0
0.00014055924558512012 0.06906472149582482 -0.02925897307656132 1 0 0 0 0 0 0 0
0.0705150769924012 0.0385459612473244 0.05274361948921594 1 0 0 0 0 0 0 0
-0.09247140917863349 -0.038462057944424616 -0.07159609768714255 1 0 0 0 0 0 0 0
0.03713699174548807 0.040789495061448355 0.07147890776502797 1 0 0 0 0 0 0 0
-0.07188181704545991 -0.03209872270504892 -0.05025375622685651 1 0 0 0 0 0 0 0
0.07391882414886852 -0.007513922226262279 0.019732867957217987 1 0 0 0 0 0 0 0
-0.03199353024335792 0.002036757363081884 -0.08072711723851554 1 0 0 0 0 0 0 0
0.09694317928295376 -0.03951559506529592 0.0898761411443477 1 0 0 0 0 0 0 0
0.048802068532541126 -0.0014180871247921195 0.02322425316368515 1 0 0 0 0 0 0 0
0.06031277512471764 0.03956731074088721 0.0913220298277698 1 0 0 0 0 0 0 0
0.004855849677056573 -0.03447294748182826 -0.04826795081450537 1 0 0 0 0 0 0 0
-0.06646955816141586 0.055293598460307514 -0.02215684470133092 1 0 0 0 0 0 0 0
0.025136309511636062 -0.013139638114794683 0.0302924190247765 1 0 0 0 0 0 0 0
0.021630409770822118 -0.04364137627265139 -0.038987762934828356 1 0 0 0 0 0 0 0
-0.04530376509843348 -0.011200083796171406 -0.054781273740171124 1 0 0 0 0 0 0 0
-0.02016862385843901 -0.028706786992020922 0.9651085918713636 0 1 0 0 0 0 0 0
0.03723093292150592 0.056142233048232015 1.0056331612283635 0 1 0 0 0 0 0 0
0.061876734184934445 0.02996059607850865 0.933693725121668 0 1 0 0 0 0 0 0
0.06913914851248185 0.0665700729885026 0.9672577681527437 0 1 0 0 0 0 0 0
-0.05012666637073866 -0.07308124544328694 0.9870770290902661 0 1 0 0 0 0 0 0
-0.012213382118961363 -0.08125385458042844 1.023592434359597 0 1 0 0 0 0 0 0
0.03501369744261912 -0.07695255814166949 0.9803103093191753 0 1 0 0 0 0 0 0
-0.07699076182095643 0.02989722805632289 1.033963174654085 0 1 0 0 0 0 0 0
0.02983671887208067 -0.0905340174144263 0.9629769297841362 0 1 0 0 0 0 0 0
0.09448285880778717 0.07460343297551386 1.0873600379313457 0 1 0 0 0 0 0 0
-0.029309995105123207 0.03439866396559016 1.006042037433156 0 1 0 0 0 0 0 0
0.012090973757888854 -0.0518612558674642 0.9133151160841646 0 1 0 0 0 0 0 0
0.04945398130584905 -0.04998276338557855 0.9061303542463913 0 1 0 0 0 0 0 0
0.05772928633414817 -0.053081465873006245 0.9969927208708734 0 1 0 0 0 0 0 0
-0.07484142934663243 0.027496491482948304 1.031646469383661 0 1 0 0 0 0 0 0
0.039956006168286595 -0.0018457847331353056 1.0441486496931436 0 1 0 0 0 0 0 0
0.0153610059106144 -0.011856556774080998 0.9956249272942417 0 1 0 0 0 0 0 0
-0.07123511272502986 0.021805536987877905 0.9378850406700929 0 1 0 0 0 0 0 0
0.0903523301859335 0.03315099485034895 1.0738196192490064 0 1 0 0 0 0 0 0
-0.047742313641957114 -0.00243964900767743 0.9356681363771809 0 1 0 0 0 0 0 0
-0.007671353609264964 0.09955599145073146 0.9530583901426812 0 1 0 0 0 0 0 0
-0.02689672414572289 -0.04436291481818471 1.0273551608754918 0 1 0 0 0 0 0 0
-0.0015403983319919046 -0.03452894505849831 0.9112430109188692 0 1 0 0 0 0 0 0
-0.004418898559194598 -0.09004608028911316 0.9993924996143237 0 1 0 0 0 0 0 0
0.06962886237512872 -0.04434664861022963 0.9879707196560843 0 1 0 0 0 0 0 0
0.0791166397605276 -0.050370269413188055 1.093946155742152 0 1 0 0 0 0 0 0
0.07976013685431474 -0.05721234364870318 1.0909543509975368 0 1 0 0 0 0 0 0
-0.07521142811487252 -0.06964267461123637 0.9152029940266013 0 1 0 0 0 0 0 0
0.07826207096725854 0.05631985800983855 0.9632070079713061 0 1 0 0 0 0 0 0
0.07868489897982722 0.013487161649661544 1.0764804599330708 0 1 0 0 0 0 0 0
-0.05098728392300742 -0.006909149872514647 0.998155614885075 0 1 0 0 0 0 0 0
0.08143600544951313 0.01631641168660318 1.0619685305050843 0 1 0 0 0 0 0 0
0.06383175085185036 -0.09392364153705804 1.0690058820830157 0 1 0 0 0 0 0 0
0.06808725452255457 -0.04523979614889604 0.9460035032968289 0 1 0 0 0 0 0 0
-0.045548779543466034 0.022414560648042148 0.9167086385266153 0 1 0 0 0 0 0 0
0.09160807183456013 0.08629225240192753 0.9985017714613297 0 1 0 0 0 0 0 0
-0.07218170564891493 -0.0314692628983861 0.9176064561747957 0 1 0 0 0 0 0 0
0.02060294339838846 0.042999930939381675 1.0113258560384697 0 1 0 0 0 0 0 0
0.0352610758627471 0.09606987806631673 0.983633584746277 0 1 0 0 0 0 0 0
0.023179683230003675 0.016356778948053985 0.9247674858680824 0 1 0 0 0 0 0 0
-0.08696817965455024 -0.08432344912509178 1.017595228738815 0 1 0 0 0 0 0 0
0.09502295767294508 0.0036833281016614566 0.9085135468698561 0 1 0 0 0 0 0 0
-0.09490833073186984 -0.0471553400319166 0.9013898776723829 0 1 0 0 0 0 0 0
-0.07837361515772606 -0.06557051140114889 0.9811519349901149 0 1 0 0 0 0 0 0
-0.03167310780313552 -0.0795676972268341 1.0303353791756056 0 1 0 0 0 0 0 0
0.02577719085122135 -0.031218529922991567 1.0644605072733455 0 1 0 0 0 0 0 0
0.08673754256820862 -0.036770107839721344 1.0018693610531035 0 1 0 0 0 0 0 0
-0.05377495062079123 -0.07662701317932732 1.0277340555223777 0 1 0 0 0 0 0 0
-0.03869301791578259 0.07207422720761492 1.0831621754484897 0 1 0 0 0 0 0 0
-0.07727808637364438 0.01980333992555003 0.9893095566932798 0 1 0 0 0 0 0 0
-0.07149116615662893 1.026507424621968 -0.008475612458512957 0 0 1 0 0 0 0 0
0.035222628575960396 0.923982659010321 0.06007558724165277 0 0 1 0 0 0 0 0
0.04749214346442268 0.9071646707344132 -0.04347822459539141 0 0 1 0 0 0 0 0
-0.03867031107710137 1.0496280183333357 0.08537905587816186 0 0 1 0 0 0 0 0
0.0015013983474967824 0.9530838041117063 -0.00486662852150932 0 0 1 0 0 0 0 0
-0.02502543170213667 0.9581569614625987 0.007851463189529631 0 0 1 0 0 0 0 0
0.07687700110615814 1.0296662407555104 -0.09820714344842181 0 0 1 0 0 0 0 0
-0.007760275838468694 1.0186864807196554 0.05336396336083815 0 0 1 0 0 0 0 0
-0.0096792098719016 1.090215399788793 0.020549400158822895 0 0 1 0 0 0 0 0
-0.01855027028844411 1.0693078492486892 -0.07437265176062013 0 0 1 0 0 0 0 0
0.03884126905142035 1.0075577116656136 -0.017574169832193925 0 0 1 0 0 0 0 0
-0.029840086251062853 0.9490249564816136 0.04057740193690007 0 0 1 0 0 0 0 0
-0.05722886235649183 0.9156534862268583 0.010968053643132442 0 0 1 0 0 0 0 0
0.008460040446028133 0.9421455680827582 0.012306409196522969 0 0 1 0 0 0 0 0
-0.08292252477272755 0.9630564879276519 0.09399974685943965 0 0 1 0 0 0 0 0
0.06862785491567 0.9340780460009784 0.0745821609090748 0 0 1 0 0 0 0 0
-0.007420796467544649 1.0102423431565386 -0.00399230106556718 0 0 1 0 0 0 0 0
0.01782387132316303 1.0155715832259278 0.029018055530685455 0 0 1 0 0 0 0 0
0.007099697282749354 1.04132139682916 -0.03833559725472318 0 0 1 0 0 0 0 0
0.09992808688380095 1.047449593260229 -0.05883929018391168 0 0 1 0 0 0 0 0
0.02686787112502323 0.981883670733369 -0.024944685021061258 0 0 1 0 0 0 0 0
-0.05747642294673856 0.9743952209697233 -0.08650992759342298 0 0 1 0 0 0 0 0
0.09129527054204045 0.974485855634445 0.08383108280080684 0 0 1 0 0 0 0 0
-0.01268953320999762 0.9215968293390475 -0.042113135676241115 0 0 1 0 0 0 0 0
-0.04551328942800062 0.930815798742058 0.019309481614402185 0 0 1 0 0 0 0 0
0.09597360472917746 0.934474893396435 0.07434289387119516 0 0 1 0 0 0 0 0
0.004309590683789083 1.0219353246622602 -0.024284658867775644 0 0 1 0 0 0 0 0
0.05927809859571123 1.0712626946211306 -0.0016459732154079643 0 0 1 0 0 0 0 0
-0.010787412532759541 1.0447774843698439 0.010960816390792091 0 0 1 0 0 0 0 0
-0.06485997824123269 1.0196144952401827 0.08384115831208347 0 0 1 0 0 0 0 0
-0.09585921824031891 1.0368510594431624 -0.076633210013977 0 0 1 0 0 0 0 0
0.012881660368664893 0.9617702640798729 -0.07530168131104185 0 0 1 0 0 0 0 0
0.07156986158665626 1.0349927271317265 0.03566422608722214 0 0 1 0 0 0 0 0
0.03559725077840292 1.0798088536041297 -0.05318163892979977 0 0 1 0 0 0 0 0
-0.08825584017510511 1.0539927001626206 -0.03741333459417971 0 0 1 0 0 0 0 0
-0.002923380706575787 1.0569279035924333 0.08907876264288425 0 0 1 0 0 0 0 0
0.06566704032397538 1.0781117061733516 0.002988130030079611 0 0 1 0 0 0 0 0
0.04431064605822799 1.0613675037405201 0.08434618417414783 0 0 1 0 0 0 0 0
-0.04965655856601321 1.0189214533937716 -0.0979629419718076 0 0 1 0 0 0 0 0
0.07779248882267878 1.0969509467571907 -0.045746166529497014 0 0 1 0 0 0 0 0
-0.01769136372853923 1.0817544372006922 0.037111274677008865 0 0 1 0 0 0 0 0
-0.0943172976444427 1.003471602614168 -0.006290906978350191 0 0 1 0 0 0 0 0
-0.007156092591007468 1.0186749714703687 0.0979074268288177 0 0 1 0 0 0 0 0
-0.016788215352332325 0.9830366068842217 -0.052427920754513836 0 0 1 0 0 0 0 0
-0.092305702697369 1.0381166186189033 0.05086860811704047 0 0 1 0 0 0 0 0
0.06296437737298652 0.9437384379076986 0.035423299474347886 0 0 1 0 0 0 0 0
-0.08101377691594158 0.9740771206707781 -0.0361972369033156 0 0 1 0 0 0 0 0
0.0416046689950445 0.9165817815993555 0.09799243783444797 0 0 1 0 0 0 0 0
-0.04183442443092971 0.9079143135586202 -0.04731874626361887 0 0 1 0 0 0 0 0
-0.045890171766017666 1.018880092957226 -0.02165249306274268 0 0 1 0 0 0 0 0
0.9125278379688364 0.057626689160210576 -0.042046429716707405 0 0 0 1 0 0 0 0
1.0979827679114518 0.09957199775128772 0.08838508528008321 0 0 0 1 0 0 0 0
0.9055367048093445 -0.00936125605539792 -0.05966053717588147 0 0 0 1 0 0 0 0
0.998985211002758 0.039349966081155346 0.021296647360599136 0 0 0 1 0 0 0 0
1.0352369785310738 0.0630491656949431 0.02517745902884433 0 0 0 1 0 0 0 0
1.0456596305458787 0.004108015784651725 0.04660173748107335 0 0 0 1 0 0 0 0
0.9831753783831326 0.07603447212376543 0.010968434383550524 0 0 0 1 0 0 0 0
1.0255842276535545 0.03281030845634339 0.05850834364208171 0 0 0 1 0 0 0 0
1.0227823952841617 0.07857232769886277 0.0720226851461663 0 0 0 1 0 0 0 0
1.087908993138487 0.06375792635480457 -0.06183689281553502 0 0 0 1 0 0 0 0
1.0191992324116776 0.07444253248866595 0.09791672632676882 0 0 0 1 0 0 0 0
0.9866288628100955 -0.07391435476036748 -0.00396578367691211 0 0 0 1 0 0 0 0
1.0130441934934216 0.005854005918290689 -0.08204301927019844 0 0 0 1 0 0 0 0
1.0734173280248922 0.06155502334831339 -0.07096428728740589 0 0 0 1 0 0 0 0
1.0173420357064238 -0.010183984966010723 0.027151142821946334 0 0 0 1 0 0 0 0
0.972317017574733 -0.02153810397653773 0.07932382097547033 0 0 0 1 0 0 0 0
1.0494424222859207 0.009718207493693648 0.009355135839783313 0 0 0 1 0 0 0 0
0.9110204887225857 -0.09000320894705205 -0.04273827417140428 0 0 0 1 0 0 0 0
0.9234489866414544 0.07595057685894582 0.04019711558397859 0 0 0 1 0 0 0 0
0.924484691958332 0.00488634691080822 0.06955110026771566 0 0 0 1 0 0 0 0
1.0715316298313493 0.04221624994202683 -0.01760075471883589 0 0 0 1 0 0 0 0
0.9363182447748788 -0.010630517156691235 -0.05836306146727171 0 0 0 1 0 0 0 0
0.9085912010087323 -0.09275146152288623 -0.05859539173884387 0 0 0 1 0 0 0 0
0.9994362862258345 -0.07789649587660337 -0.054510924891256064 0 0 0 1 0 0 0 0
0.9950825113580376 -0.09486672867763268 -0.00852643365225525 0 0 0 1 0 0 0 0
0.9338119902052542 0.03930705748200511 0.09042892452763515 0 0 0 1 0 0 0 0
1.033824108503857 -0.04127875846895173 -0.0135781282997752 0 0 0 1 0 0 0 0
1.056583095376227 -0.04042557809454324 -0.08066044735928168 0 0 0 1 0 0 0 0
1.0691379234012774 0.001890711856850899 -0.09398347701961139 0 0 0 1 0 0 0 0
1.0215731108944315 0.09912462359446914 -0.053096260077882554 0 0 0 1 0 0 0 0
1.0506724182938005 -0.022785657443992635 -0.0008064777921588107 0 0 0 1 0 0 0 0
0.9423552577924742 -0.07999100126228374 0.07777761108876577 0 0 0 1 0 0 0 0
1.0934338141434718 0.09878316365512646 -0.024087890754695557 0 0 0 1 0 0 0 0
0.9998300919850435 -0.08190505946332303 0.09932870529026405 0 0 0 1 0 0 0 0
1.033829442713253 -0.032550568080140674 -0.07239799832032144 0 0 0 1 0 0 0 0
0.9211942071228819 0.013656324199677258 -0.09751177439786643 0 0 0 1 0 0 0 0
0.9666099896802332 0.01688866242660543 0.06927760568167754 0 0 0 1 0 0 0 0
1.0642876017872398 -0.08622489262648568 0.036934102023854526 0 0 0 1 0 0 0 0
1.0181263749245866 0.0220163084772379 -0.09289813111810655 0 0 0 1 0 0 0 0
0.9937412272286027 -0.07155862289353834 0.007233093139337288 0 0 0 1 0 0 0 0
0.9417743001853326 -0.06760671280415675 0.04320012582583696 0 0 0 1 0 0 0 0
0.9048778245461341 -0.0635846930384571 -0.0161767123684146 0 0 0 1 0 0 0 0
0.9672733183498253 0.07418099190519845 -0.07079046550103996 0 0 0 1 0 0 0 0
0.953219589786262 -0.010213606887724477 -0.029267220539644354 0 0 0 1 0 0 0 0
1.0065913489491554 -0.09203997048780942 -0.06075045659436809 0 0 0 1 0 0 0 0
1.0720796266437855 -0.09836771375499172 -0.04973598227020575 0 0 0 1 0 0 0 0
1.0525531631058411 0.04735755131718039 -0.02896072410872559 0 0 0 1 0 0 0 0
1.0425401701577472 -0.07674466043623783 -0.055427442726308444 0 0 0 1 0 0 0 0
0.9413580181994486 0.07448632372292821 -0.006197656286970152 0 0 0 1 0 0 0 0
0.9824217783186914 -0.04224659726573543 -0.0469196597881788 0 0 0 1 0 0 0 0
0.0818241662717856 1.014984156870929 0.972504055299916 0 0 0 0 1 0 0 0
-0.055167228830367065 0.9307280015841554 1.080749843850065 0 0 0 0 1 0 0 0
0.08036751524929917 1.0500860955541695 0.9500563769904937 0 0 0 0 1 0 0 0
-0.037801749784969196 1.0186017985053981 1.0369239926151317 0 0 0 0 1 0 0 0
-0.04445744058546504 0.9476300899976293 1.0478318353327576 0 0 0 0 1 0 0 0
0.09219313846315882 0.9010449470525508 0.9093118038485922 0 0 0 0 1 0 0 0
-0.07222334689681072 0.9452368326169458 1.0297115166951822 0 0 0 0 1 0 0 0
-0.0016255678098364007 1.0073548524373708 1.0217208107499733 0 0 0 0 1 0 0 0
0.034188744969313956 0.9585592883519515 0.9731775795047415 0 0 0 0 1 0 0 0
0.00789648471478914 1.0904331766803383 0.9261526734026908 0 0 0 0 1 0 0 0
0.099475820735306 1.094332124847474 0.9441464205316249 0 0 0 0 1 0 0 0
-0.04871662602557447 0.9377720385507738 1.0095535864505567 0 0 0 0 1 0 0 0
0.04935656700506094 0.907767664738712 1.0200832895808125 0 0 0 0 1 0 0 0
0.0028540022423861194 0.9601040861923366 1.0728706873416065 0 0 0 0 1 0 0 0
-0.01958359862061558 0.9424285091904853 0.9154694065180157 0 0 0 0 1 0 0 0
0.03748907595891662 0.9119637575454727 0.9889121653368814 0 0 0 0 1 0 0 0
0.03849027276208322 0.9587046625418354 1.0164441856421147 0 0 0 0 1 0 0 0
-0.01232912355913969 0.9676303583093302 0.9673247197431734 0 0 0 0 1 0 0 0
0.0026882792554233925 0.9189281098933038 1.083514146034619 0 0 0 0 1 0 0 0
-0.0070449783225894624 0.9395207005570753 0.9059035190973865 0 0 0 0 1 0 0 0
-0.0632843087383842 1.0257810201638844 1.0619901611475755 0 0 0 0 1 0 0 0
0.04730731082620604 1.0508787618755626 0.9345857887975991 0 0 0 0 1 0 0 0
0.06476486848358318 0.9030835025744306 1.0867322565011608 0 0 0 0 1 0 0 0
0.0602752174728621 1.0877405488352234 1.0030339308002392 0 0 0 0 1 0 0 0
-0.07521884405807891 0.9395126687128385 1.003867710172888 0 0 0 0 1 0 0 0
0.09279883653297902 1.0768306522760214 1.0620443026095652 0 0 0 0 1 0 0 0
-0.06541629555508305 0.9528848950535846 0.9030791210545317 0 0 0 0 1 0 0 0
0.09129897364736358 1.0660718540320917 1.0519781296768367 0 0 0 0 1 0 0 0
0.01018494412853825 0.9293468863260095 0.9753620141555394 0 0 0 0 1 0 0 0
-0.05514559320138149 1.0624815352213466 1.0574395233205833 0 0 0 0 1 0 0 0
-0.05529297235738946 0.9363190252641053 1.067647695545762 0 0 0 0 1 0 0 0
0.049003994615138324 0.9922313085478417 0.9230181957383652 0 0 0 0 1 0 0 0
0.055520559081934345 0.9831926923556547 1.0974413225595103 0 0 0 0 1 0 0 0
-0.07253688503965057 0.9580852954987714 0.9842896317405997 0 0 0 0 1 0 0 0
0.09122123782936295 0.932576016642158 0.9320499678688609 0 0 0 0 1 0 0 0
-0.023022710973663374 1.0553263442642233 1.0921576964323885 0 0 0 0 1 0 0 0
-0.05718402116126149 1.0989557972979695 0.9577891545162721 0 0 0 0 1 0 0 0
0.0928615825967763 0.908302885176504 1.0149398620321577 0 0 0 0 1 0 0 0
0.08104913681081924 1.0074586282168896 0.9425422416461915 0 0 0 0 1 0 0 0
-0.06612375936350008 1.0718269874602964 1.035642964601277 0 0 0 0 1 0 0 0
-0.016432170023901155 0.9248930601253933 0.9298472860929486 0 0 0 0 1 0 0 0
-0.05692227702775399 1.0212929617193314 0.9845141693116122 0 0 0 0 1 0 0 0
-0.025744511756907618 1.023753024709539 0.9695080161969025 0 0 0 0 1 0 0 0
-0.07831225146749997 0.9320330573550482 0.9772263151169591 0 0 0 0 1 0 0 0
0.08839819134525859 1.0883369739155464 1.073614195935249 0 0 0 0 1 0 0 0
-0.08476431730416648 0.9090657919697261 1.0869810985488741 0 0 0 0 1 0 0 0
-0.06337831134623324 0.9354134232010098 1.0010528701579684 0 0 0 0 1 0 0 0
-0.04102280778747738 0.9848758715222777 1.0229247142051099 0 0 0 0 1 0 0 0
0.08017721020096955 1.0821612807567653 1.0072575703793825 0 0 0 0 1 0 0 0
-0.07363690482271315 1.0486121820393595 0.9218047115524364 0 0 0 0 1 0 0 0
1.0734537066136516 -0.045488889630470736 1.0096203990726964 0 0 0 0 0 1 0 0
0.9885783377639749 -0.016090235772218645 1.0634306517315522 0 0 0 0 0 1 0 0
1.0174839386955083 0.06587999724747712 0.9187479381500491 0 0 0 0 0 1 0 0
1.030717519848354 -0.05367093378565755 1.010860698823548 0 0 0 0 0 1 0 0
0.9182083455744467 -0.06903761341054915 1.019677722695176 0 0 0 0 0 1 0 0
1.0180049992303177 -0.09064198865889517 0.9390597751234349 0 0 0 0 0 1 0 0
1.0743583926896985 -0.026887079868007646 0.9031040103064516 0 0 0 0 0 1 0 0
1.0642350455940262 0.05678082682198746 0.9306041419284701 0 0 0 0 0 1 0 0
0.9575809587584808 0.06262718875143783 1.0474526006113545 0 0 0 0 0 1 0 0
1.0857348842515633 0.05647951125135131 1.0962342300036543 0 0 0 0 0 1 0 0
0.900615199278959 -0.07737052772715183 1.0927273745014774 0 0 0 0 0 1 0 0
0.9770496996204516 -0.0005332691667604694 0.9470833516189054 0 0 0 0 0 1 0 0
0.9482971403588802 0.0765655118351084 1.096018907251676 0 0 0 0 0 1 0 0
0.9089713244377484 -0.008920828258798294 0.9388069254523367 0 0 0 0 0 1 0 0
1.0266343409587384 0.0008311289164765617 1.059798145772052 0 0 0 0 0 1 0 0
0.9526095721837987 -0.07765487036973334 0.9269995370342321 0 0 0 0 0 1 0 0
0.9397896587975656 -0.014203806333120239 1.0133236952297306 0 0 0 0 0 1 0 0
1.0350384713881122 -0.07272754337003873 0.9973959046278145 0 0 0 0 0 1 0 0
1.020848139968035 0.08160210205395138 0.9763468820386632 0 0 0 0 0 1 0 0
1.0569649819941733 -0.05695437093749356 0.9045401845954067 0 0 0 0 0 1 0 0
1.0682733501817452 0.041575644787226584 0.9988526192676841 0 0 0 0 0 1 0 0
0.9252205808108264 -0.04162759611595817 1.078798429417418 0 0 0 0 0 1 0 0
1.03198203812644 0.012489956371273286 0.9633212839296013 0 0 0 0 0 1 0 0
1.0553121154275995 -0.005375877732426204 0.9544440741615228 0 0 0 0 0 1 0 0
0.991093332994057 -0.04795160452775676 0.9975717417310235 0 0 0 0 0 1 0 0
0.9864409368048298 0.06913195137727804 0.9414763371018958 0 0 0 0 0 1 0 0
1.0028309126106534 -0.07790085495584727 1.085759240929126 0 0 0 0 0 1 0 0
0.9662127099186459 0.05617191127567814 0.9230054627599114 0 0 0 0 0 1 0 0
1.045099762569483 0.004381139105390369 1.0873846955221969 0 0 0 0 0 1 0 0
1.0408681085386113 0.08416496934282255 1.0782603247682556 0 0 0 0 0 1 0 0
0.9428722006676576 -0.041602578119056655 1.0314743603342351 0 0 0 0 0 1 0 0
0.9757454420909965 -0.06167612542052699 1.0518572243837216 0 0 0 0 0 1 0 0
1.0699542183978183 -0.04623272056692174 1.0251038622198712 0 0 0 0 0 1 0 0
0.9732234242320533 -0.07569785405418883 1.0175081486646602 0 0 0 0 0 1 0 0
0.9746521211493315 0.011880825262439526 1.010714419297198 0 0 0 0 0 1 0 0
1.0933463005659492 0.012681230265798732 0.9974697601313383 0 0 0 0 0 1 0 0
0.9766663344598844 -0.09951240831305974 1.0298519432131648 0 0 0 0 0 1 0 0
0.9896413714998844 0.08662216231857997 1.0180831580284275 0 0 0 0 0 1 0 0
0.9218178161820243 0.013537686146796471 0.9001607780829994 0 0 0 0 0 1 0 0
0.9646165220509896 0.022791835728772122 0.9625086798712527 0 0 0 0 0 1 0 0
1.0093270536046117 0.009943506181271572 0.9252975170055945 0 0 0 0 0 1 0 0
1.0525416875726343 0.007075686579661733 0.9015996406988562 0 0 0 0 0 1 0 0
0.9553249460971085 -0.042814558912932205 0.9876293442391427 0 0 0 0 0 1 0 0
1.0076049602159056 -0.0698618299217213 1.06858741759884 0 0 0 0 0 1 0 0
1.058266441315446 0.08730995050282656 1.0822363291208066 0 0 0 0 0 1 0 0
1.0254030440467803 -0.05827878369808662 1.0037973731124685 0 0 0 0 0 1 0 0
0.9801172886969689 -0.09876143990493227 1.0479799891425625 0 0 0 0 0 1 0 0
0.9310131886257362 0.020324264456839145 1.0056059997821711 0 0 0 0 0 1 0 0
1.0243323219037075 -0.02464765925504557 1.0681967424694399 0 0 0 0 0 1 0 0
1.0045119262813627 0.09899613872440868 0.906704318542833 0 0 0 0 0 1 0 0
1.0329298231739767 0.989725269117488 -0.06190232896039627 0 0 0 0 0 0 1 0
0.9694223825349132 1.0554811592885018 -0.0015587002173962777 0 0 0 0 0 0 1 0
0.9843112471809182 0.935805503486792 -0.02784416009707573 0 0 0 0 0 0 1 0
1.0484755612863514 0.9207643685042521 0.03670782101846032 0 0 0 0 0 0 1 0
0.9160903335441919 1.099823821141483 -0.00013361248414425764 0 0 0 0 0 0 1 0
0.9624540746907588 1.0800970545670554 0.052971363164970836 0 0 0 0 0 0 1 0
1.0283520009976292 1.0825817916700997 -0.09673547484374101 0 0 0 0 0 0 1 0
0.932569429990793 0.9262264557603788 -0.023924307577864873 0 0 0 0 0 0 1 0
1.0641129978768709 0.9242510529173871 -0.0165758454330676 0 0 0 0 0 0 1 0
1.0196058625293156 1.0022387704620592 0.0581189288080218 0 0 0 0 0 0 1 0
0.9212538791059194 0.9129461474597437 0.04440426077303558 0 0 0 0 0 0 1 0
1.0192179495500544 0.9426120368749956 0.025981766762798203 0 0 0 0 0 0 1 0
0.9845934562905359 1.0855703355906472 0.0012248543289675035 0 0 0 0 0 0 1 0
0.9930286202832895 1.0402260230927736 0.003240830086768634 0 0 0 0 0 0 1 0
0.9690123983047665 1.0630777223656713 -0.05337339729343707 0 0 0 0 0 0 1 0
0.9555037744723653 1.0016682260677203 0.0024144079677312913 0 0 0 0 0 0 1 0
1.041572984930072 0.9300482630160403 0.09274694613965531 0 0 0 0 0 0 1 0
0.9853876320717763 0.9635907238350951 0.09280860742727215 0 0 0 0 0 0 1 0
1.0864558760153589 0.9616231334451969 -0.09188629834948783 0 0 0 0 0 0 1 0
1.042527549173803 0.932222356565612 -0.005737549504955641 0 0 0 0 0 0 1 0
1.0723849779761487 0.9862146002932227 0.0033214255766791795 0 0 0 0 0 0 1 0
1.017959842519624 0.9026822813612443 0.06165842505265237 0 0 0 0 0 0 1 0
1.0927769166230774 1.0493969069622582 -0.036111318124739264 0 0 0 0 0 0 1 0
1.032905422154987 1.0817106783213126 0.08951256105427949 0 0 0 0 0 0 1 0
1.0049600720543825 1.0881066828232517 0.025050135569125886 0 0 0 0 0 0 1 0
1.0749914382962102 0.9494914896161504 -0.053090936048755345 0 0 0 0 0 0 1 0
0.9499355977845849 0.9620737187492195 0.02495095540445902 0 0 0 0 0 0 1 0
1.0266850307893667 0.94666787713475 0.09612632456863104 0 0 0 0 0 0 1 0
1.0475225248856244 1.0344288946364986 0.045768186355333335 0 0 0 0 0 0 1 0
0.9899235019906966 1.011856879100143 -0.0882395154394095 0 0 0 0 0 0 1 0
1.067814657767012 0.9238242573459623 -0.08672181482130484 0 0 0 0 0 0 1 0
1.0579681305576014 1.0319738036560049 0.02034558775078621 0 0 0 0 0 0 1 0
0.925066412400549 1.0961178451290847 -0.024661777485444653 0 0 0 0 0 0 1 0
0.9709942307881609 1.0750078543624244 -0.07842949502982133 0 0 0 0 0 0 1 0
1.061327413635053 0.9174415264695381 0.0788430823827577 0 0 0 0 0 0 1 0
0.9671800019398342 0.9513833460266835 0.01776274094683808 0 0 0 0 0 0 1 0
1.0910923454090553 1.020807868118844 0.02834752561597209 0 0 0 0 0 0 1 0
0.9668228813102409 1.025110361480034 0.04042971241036822 0 0 0 0 0 0 1 0
0.9972095216100215 0.9046873396371642 -0.005699394646029643 0 0 0 0 0 0 1 0
0.9445388467765486 1.0173262354104557 0.0010600166467440858 0 0 0 0 0 0 1 0
1.036323861023575 0.9220574062162483 0.05508129307271606 0 0 0 0 0 0 1 0
0.9159933541654319 1.0591197734660034 0.08781929265328242 0 0 0 0 0 0 1 0
0.9434051314765568 1.077183294000606 -0.028489419731361987 0 0 0 0 0 0 1 0
1.020169446361934 1.0144867464534018 0.002138476615531168 0 0 0 0 0 0 1 0
0.999825970019948 1.07354112833945 -0.02496989046486238 0 0 0 0 0 0 1 0
1.081647993856105 0.9082499760805826 0.07511138808357484 0 0 0 0 0 0 1 0
0.9697513727504975 0.9267539511431104 -0.011621758471938026 0 0 0 0 0 0 1 0
1.0204441270634472 1.0415743743862873 -0.0506131776212039 0 0 0 0 0 0 1 0
0.9866374845709301 0.9323516134193612 -0.013987706446692408 0 0 0 0 0 0 1 0
0.9559610204799316 0.9379984203826186 -0.050630197534444046 0 0 0 0 0 0 1 0
0.9269454747334424 0.9023554823776191 0.9049302343291814 0 0 0 0 0 0 0 1
0.993729745120529 0.9558019755957571 1.0456387429501504 0 0 0 0 0 0 0 1
0.9585834978141374 0.9329524234273049 0.9539263956180493 0 0 0 0 0 0 0 1
0.984400422467065 0.9241311183100596 0.9588644787317631 0 0 0 0 0 0 0 1
0.9592788902710978 0.923026972416201 0.9344989643741638 0 0 0 0 0 0 0 1
0.9468496243920547 0.9062840333895149 0.915470871181912 0 0 0 0 0 0 0 1
1.0404772334281702 1.0882399016654067 0.9146084758760062 0 0 0 0 0 0 0 1
1.037161072681548 1.0277304555753637 1.0680367617443423 0 0 0 0 0 0 0 1
0.9290556280902875 1.0734018630490474 1.011177439519309 0 0 0 0 0 0 0 1
1.0112466878406439 0.936732230916365 1.0711341641626557 0 0 0 0 0 0 0 1
0.9738526556822588 0.9826404538853718 0.9143946526300195 0 0 0 0 0 0 0 1
0.9509049199426004 0.9754825694486413 1.0245589159729598 0 0 0 0 0 0 0 1
1.0309197182876317 0.9596626592008903 0.953171670664206 0 0 0 0 0 0 0 1
0.9269070451252666 1.0367497595186195 1.0844484064705981 0 0 0 0 0 0 0 1
0.9871858645908517 0.9650916405319154 0.9965426607098509 0 0 0 0 0 0 0 1
1.056402232880216 1.03791875912056 1.0540256032622406 0 0 0 0 0 0 0 1
0.987841926466425 1.0845688058131486 0.9768276394470771 0 0 0 0 0 0 0 1
0.9024153390339116 1.00407821114928 0.9153874731494759 0 0 0 0 0 0 0 1
1.0889106656509142 0.9335979470475193 0.9996418580562186 0 0 0 0 0 0 0 1
0.9252145336457218 0.970814664998013 1.0030293319752221 0 0 0 0 0 0 0 1
0.9005511927754994 1.0300336858643961 0.9752119989322932 0 0 0 0 0 0 0 1
0.9784354100700388 0.9775802435575757 0.9054694290681936 0 0 0 0 0 0 0 1
1.0373758078567217 0.9720482485705412 0.9358401746976576 0 0 0 0 0 0 0 1
1.0857996582341967 0.9092063405854359 0.9683992834446141 0 0 0 0 0 0 0 1
0.9300598026814105 0.9453880689985156 0.9259896472625098 0 0 0 0 0 0 0 1
1.0561713590700348 1.0293168054651538 1.076720766568128 0 0 0 0 0 0 0 1
0.9935743663146104 1.0369235725457846 1.0217475770510487 0 0 0 0 0 0 0 1
0.9321866004691243 1.0180432166975046 0.9793764825695749 0 0 0 0 0 0 0 1
0.9468184953932881 1.0262634396455197 0.9695912157937101 0 0 0 0 0 0 0 1
0.9637632355217206 0.9819502315717241 1.0240395409245795 0 0 0 0 0 0 0 1
0.9538878963651655 1.0982790275820384 0.9246162054574865 0 0 0 0 0 0 0 1
1.0857056712995259 0.9649387535645528 0.9574568416548338 0 0 0 0 0 0 0 1
1.0733066746424058 1.0223069847470434 1.004781480625986 0 0 0 0 0 0 0 1
1.002667432738205 1.066567168650263 1.0287369473748267 0 0 0 0 0 0 0 1
0.9529921825938013 1.041114003825014 0.9447137298704354 0 0 0 0 0 0 0 1
1.0043526970649415 1.079372926094693 1.0359162649174887 0 0 0 0 0 0 0 1
0.945548602430803 0.9738213422119889 0.930506841560963 0 0 0 0 0 0 0 1
1.0594161526543988 1.0686491424078213 1.041670096381572 0 0 0 0 0 0 0 1
0.9506888147941782 1.0657355508490731 0.9438160907419223 0 0 0 0 0 0 0 1
1.0595799482489017 1.0681447309803442 1.064021326427512 0 0 0 0 0 0 0 1
1.0305804453782497 1.072841092615836 0.9399146391388729 0 0 0 0 0 0 0 1
0.9806040083937827 0.9947038326929292 1.0079838995064316 0 0 0 0 0 0 0 1
0.9128487600858135 0.9164209205281477 1.0989458768182094 0 0 0 0 0 0 0 1
1.009738548807168 0.9163441607068745 0.9536912491583991 0 0 0 0 0 0 0 1
1.0167603577780122 1.0388372849421574 0.9207694520835423 0 0 0 0 0 0 0 1
1.0367157648313288 0.9769969180389351 0.9285021381829655 0 0 0 0 0 0 0 1
1.0704611409327336 0.9723583477351129 0.9605223266371132 0 0 0 0 0 0 0 1
1.051126786465051 0.9299540108550514 1.0619568437676237 0 0 0 0 0 0 0 1
0.934878925837931 1.0857895108494837 1.0654546728480667 0 0 0 0 0 0 0 1
1.0896400815148521 0.9449161021236525 0.9205100348456734 0 0 0 0 0 0 0 1
