1.5279032431472537 -0.20753124435645115
0.7700027393330214 0.27337571546002554
3.368175215051239 -0.08651594587989045
3.86635725560819 -0.03355895118933351
0.9121917502195683 0.09504450652703639
2.659253123159158 0.10502803198428845
2.3433953229029143 0.11972239027571992
3.507131735366639 -0.09073796488018368
3.8816672315500043 -0.02978769807755325
2.7967615293337706 0.06783134860330761
2.7613078649818195 0.07856526430328524
1.7488977151898348 -0.1291425787936083
2.511929760421636 0.12663027561958584
3.4192509764118135 -0.09011402494221983
0.308877054588819 0.8502900867943475
0.11076577776295132 0.9799400490144262
0.5844921842387673 0.5255190377076586
3.981147574879329 -0.004732656843049457
1.1320279191318303 -0.11331403737702125
0.5516241153620499 0.5694689475455129
2.6319700146255824 0.1106936598351828
3.5381453793577444 -0.08931995939665732
1.6625915583301079 -0.16701597844802418
1.3557660369715592 -0.2110889557650072
0.30525507533343643 0.8536196463724416
0.9473893098526279 0.05527978913978329
0.9179888299575248 0.08835275489871662
3.9105821643790897 -0.02256605960673612
2.823907025571478 0.05922553000810642
0.8599655773347453 0.157635267243861
3.6650050798107956 -0.0754409545427552
1.6247576667067145 -0.18105631785758589
0.6036480572006353 0.4996015800396799
1.1709295143901788 -0.13906242281931874
2.9660719763795202 0.011417058525536213
0.9092041029282933 0.09851434177913838
2.5315395634795195 0.12512094552883868
0.9867633176844623 0.013410376616002044
2.1671845754989763 0.07364543668179217
3.514267442486877 -0.09048548346149614
0.4054236447270273 0.7507274646044652
0.5232106113891936 0.606761436339847
2.8748991079226998 0.042403270942396154
1.0371457451391448 -0.03573412257182391
1.1940302473770232 -0.1526222687609302
2.117416383023029 0.05420363496564796
2.3547060120969503 0.12134066642231177
3.6343114050234995 -0.07990271844228584
3.4477669808845053 -0.0910832752389232
2.1551669717720574 0.06917989709686197
1.7309724321482938 -0.13756635903477638
3.494374984663853 -0.09107785730650596
1.7012796003144957 -0.15092398592653447
1.0895409413888282 -0.08110269249003067
0.7311190100930127 0.32556434366319453
1.7240045104438158 -0.14077113423870105
2.943042749018292 0.019250074377558477
2.204207189414063 0.08641887381816132
3.2032473068653275 -0.05922589904365773
3.553498162180683 -0.0883143149755591
2.730972530512421 0.08719366714430175
1.2074400222644073 -0.15989639580189827
2.0332447197026893 0.016320865580054626
2.8871106883112327 0.03828659838102169
1.4941601665572268 -0.2130001354033124
2.3687350226183197 0.1231145227630827
3.53898089373159 -0.08927033976181364
3.0015330623228893 -0.0005107577908221285
1.618570323837795 -0.18317422169660394
1.9187139811267981 -0.04190588969870093
1.2793160151484788 -0.19137212812528068
1.0172154937669053 -0.016915886848325474
0.2795091659200874 0.876353449531541
3.2986419862677434 -0.07782522226935866
2.328446453089859 0.11732656189268076
2.382065086864347 0.12456041798483955
1.0221982873870052 -0.021698626282052068
2.567465517509531 0.12120395719650344
2.05895951313304 0.02847212425851819
1.4156845888428113 -0.21700320737726367
0.5615269265222254 0.5563081917905808
0.38206395514245295 0.7765993339914711
2.386471245943403 0.12498702822493186
2.104812968317914 0.048901803791828014
1.1975893840427407 -0.15459579327298972
3.9808489062147543 -0.004807904648005566
0.4672477508424243 0.6776412793122043
2.9055208169392133 0.03204176809218963
0.2509851327559002 0.8995536570694848
2.7913328501454258 0.06951500213140446
2.2675459176825674 0.10457904007270812
2.7948861242046434 0.06841450334030812
1.1630739800190573 -0.13415613846462368
2.7661146210632825 0.07714821896304519
2.808969945009306 0.06399772861515056
1.3304836834420826 -0.20611195654610906
3.8358542206737387 -0.04092095614862866
2.576561918844951 0.11998415755829892
3.760088478258811 -0.05793310618708341
0.9676858445851975 0.03333590116242665
0.8349903287034149 0.18888577227307823
0.24727323870017318 0.9024135971105236
2.856695326017747 0.04848699031012563
3.313532420650214 -0.08004665505960452
2.451232172705432 0.12833601202002545
1.0085850519121586 -0.008510944228057059
1.0331721799081732 -0.03204903211920336
3.4261771185440764 -0.09041786920050278
2.2182168832108036 0.0908483150252194
0.18567682947063968 0.9442464887608407
2.4586691021801648 0.12837447371214042
2.9653334352151557 0.011667516028581624
3.7416408193290773 -0.06171400088873808
3.442261373804159 -0.0909540427559353
0.8940445913884042 0.11633597453711388
0.4827802442259568 0.6583621244993705
0.4545298750631346 0.6931727708651556
1.9129406307486438 -0.04494546631544522
3.0633931842076976 -0.020557254882758596
1.4247750224867055 -0.21720086086869703
3.345360128137292 -0.08414032001361918
2.689015776305844 0.09811020157588668
0.8039032529822295 0.2287913013187095
2.490152547207198 0.1277662988617984
2.033424645490693 0.016407420795855672
3.6062520438336527 -0.08339418094835623
1.7924174015149406 -0.10777547943395893
3.449002759141155 -0.09110848547615727
0.7518805357626506 0.2975810764935279
1.6919603883955323 -0.15494513797203519
2.7843672440199634 0.07165518401397322
3.1111755407965487 -0.035012146802883885
1.8659389110584501 -0.06974118641527119
0.7047771866882446 0.3613642108203032
0.43262293652846995 0.7193459941791212
3.4347987882957978 -0.09073469951451986
0.17386856553617985 0.9510097645168131
3.8067251447083468 -0.04770918351238781
2.4286829396292258 0.1277869507795485
3.1865595028490086 -0.05525104172582243
3.567055520134641 -0.08726328205896787
3.7371919711634836 -0.06260077002565884
3.737552070571347 -0.06252936716811874
0.8906529239416816 0.12037133205729848
0.11372433069062517 0.9788610670727966
3.3726361572898216 -0.08692526290533859
1.1916483600604064 -0.15128424088830106
1.990857944946835 -0.004591386486518654
3.341974811750573 -0.08374781196712117
0.6589297700041438 0.4240984425641752
3.112435700663348 -0.03537812964078396
2.566731993005386 0.12129839174583987
1.562919176160634 -0.19969785248583438
2.3645393729593587 0.122611117511831
0.6352145238217043 0.4565706810323537
0.6691887861133379 0.410040863835561
1.6679677380144822 -0.1648782556175084
2.4959454105117636 0.12752044246581815
3.7301096996556242 -0.06399147171449711
0.2643216518923808 0.8889730256498022
1.2709743156103002 -0.18836806787090207
0.7188183320400143 0.3422471345075716
1.5309308842154656 -0.20693831443672936
3.967018419382762 -0.00829907848739433
0.1749252928538793 0.9504214802794079
3.4961404565851044 -0.09103938806877114
1.6251517538481286 -0.18091964706870742
2.2717751655134784 0.10561696060350717
3.791661479780843 -0.05110659198392238
0.17959693467610402 0.9477807094719907
1.9823346057185358 -0.008906835143261072
0.3369119462136254 0.8234682636932512
0.7195493057155333 0.34125391834457874
3.4109706570520864 -0.08969304858223429
3.4182449806761723 -0.0900662351548224
3.463633142571589 -0.09130143923954252
1.27025020332258 -0.1880992872281488
1.2930247845966198 -0.1959410857291337
1.7118339056739316 -0.14626767784504877
0.5407494334384452 0.5838288383187393
3.3552666594252547 -0.08522966966998743
3.9957203504198087 -0.0010710260654813635
2.040730568713561 0.019904396092868773
2.766910341166396 0.07691240881591067
1.400311309891971 -0.21625673131946574
2.1052970872800283 0.04910810076237027
1.2890545992088456 -0.19466483491981248
0.300070287399274 0.8583302840502538
2.5073596993724303 0.1269162966909047
0.2844714637358044 0.8721012123861824
1.8560491430991959 -0.07494094066927859
0.16633010252421176 0.9551090191831744
2.2981870278896936 0.11158721846262931
1.4150209745378577 -0.2169817278758226
0.9850697650515211 0.015150968520439307
1.2852013482594966 -0.19338958544029128
3.4994747880374413 -0.09095920735636906
0.10135569952015422 0.9831870887795243
2.44986296163292 0.1283212577783383
1.774149751507983 -0.11688502052172164
2.97886330131107 0.007090345145584863
0.10628068263191814 0.9815228057911194
2.138895734906876 0.06289683651551572
1.9785591436391707 -0.010828408480152872
1.0238971171446614 -0.023317455131848908
0.5479201358214708 0.5743713207563614
2.7554313295122035 0.08027997953138193
1.1913838368882632 -0.1511347902056465
3.0033871992912204 -0.0011277717929211767
0.8416423830210229 0.18048721663222264
3.155869140448505 -0.047439941112481614
0.3400444164138021 0.8203589330585543
3.072132142984044 -0.02327906736996337
0.6562692185049311 0.42774396438266893
2.231474413947593 0.0948278032314602
2.0466038727387494 0.022690053318903197
2.642951915529841 0.10849465821901269
2.94405810959314 0.018903959891172356
3.121810029775842 -0.038073650520019264
1.1361995493280188 -0.11624844351120486
1.8769829158771278 -0.06392045003740086
1.8889529167984542 -0.057602401399589116
0.987367794801504 0.012790461410399417
3.2451514133337542 -0.06829408051592445
0.1170166387558296 0.9776278017159347
1.2976431990106903 -0.19737765261142953
1.3699853958413948 -0.2132318862774833
1.3900801454292866 -0.215468719746659
2.4652896368220216 0.12834972653566226
3.4893738893474087 -0.09117181118711105
1.548801412434838 -0.20310947024975362
0.857263677955983 0.1609780297784264
3.913189200798253 -0.02191017284761684
0.6032002579641459 0.5002094577998482
1.5705035254345885 -0.19772876602875963
2.221402631392934 0.09182357464317589
2.816591459862446 0.061573380666685884
0.7582573783280627 0.28903794738150956
2.40137729066275 0.12624149636077459
0.6705402695699175 0.40818917962755924
0.7983150530530634 0.23607018197422333
2.9349157388543596 0.022021657460932195
1.411344505164816 -0.21684524917203601
3.3030713786735824 -0.07850614561684754
1.2252535932496367 -0.1688781030150051
3.5819530789051313 -0.08593582258216534
3.2841985941683345 -0.07548777794958833
1.3973625659833815 -0.21605366029604173
1.1482742121217415 -0.12450846508164184
0.263170508015343 0.8899049463879395
0.554312807530717 0.5659033144818968
3.133197096062659 -0.0412817386855165
2.327225142717405 0.11711792802540213
1.5487965551184715 -0.20311058615600286
2.1059821146453066 0.04939965436471828
2.6645672882433242 0.10384730570120945
3.724302250967853 -0.06511214447380742
3.813725298177736 -0.04610279398621053
2.7049510925866787 0.09411515621079311
1.7677446513353128 -0.12003349488370231
3.4584034004780957 -0.0912547792688396
3.2824448358960217 -0.0751918592288544
1.5221243942925302 -0.2086171863645609
2.6261498987436642 0.1118131237800248
2.709330764895758 0.09298376486326082
1.277163016831431 -0.1906130235959596
3.588463041680209 -0.0853000861407104
1.7990410051752324 -0.10442944270366106
3.278409077021577 -0.07450102329124055
1.7909274874601984 -0.10852515795935688
2.3304629570925655 0.11766677959050607
3.7340489193634125 -0.06322116610054648
2.1101161498261147 0.05115021976648222
2.4205069394490546 0.12742590009544927
3.0334372355789636 -0.011002625713853438
1.980487642447581 -0.009846130441120449
2.5653196158393095 0.12147855897688305
0.4728578043695545 0.6707161867726474
3.2695243622222487 -0.07293200216019911
0.807172144490992 0.22454747777497802
0.11389250884640863 0.9787988999881093
1.4549954923824726 -0.21658739446026967
1.9535703956822834 -0.02368235114553262
2.8863517607039917 0.03854312962359974
1.3214404228640317 -0.20396454049609
1.5825379448399217 -0.1944147010288836
0.4029436888213389 0.7535231141250407
2.731235746934791 0.08712128131263956
0.5795367072359212 0.5321914583639972
2.2548696286763144 0.101334441227996
3.7767664123256752 -0.05437968496576941
1.348330085808797 -0.20978109416529014
0.8141332642314902 0.21554599694687204
0.8633996042922086 0.15340061789041046
1.344928948097876 -0.20913973426861637
3.6471729987877044 -0.07811211995177268
1.2598135965721546 -0.18408301017763964
1.175255267081723 -0.1417003274039704
1.7707710478999281 -0.11854898817055981
1.4240999446095535 -0.2171923459736583
3.8708245123040026 -0.03246310346386568
0.7157371946311843 0.3464359888741041
0.8759638876209872 0.13804318687109474
0.1772050145074232 0.9491409570981555
1.1329831233950998 -0.11398959164040022
1.2040343260221287 -0.15809065945321513
3.3728120723775974 -0.08694103272150848
2.4426237680355913 0.12820343623984073
1.054644671428185 -0.051559223973220165
3.704656525332925 -0.06876578484072018
3.386633141830447 -0.0880917487745785
0.9094710492853718 0.09820373332740397
3.757006286966272 -0.058576097112492245
1.9435004470422335 -0.028918616037617407
0.8808972482993382 0.13207326950304674
1.753642388834332 -0.12687241312772385
2.348010782758668 0.12040301066330074
2.8416607881690745 0.053450966913640235
3.3307442470204927 -0.08237222062341323
3.9233764917052865 -0.019341922606981518
3.0365894641137787 -0.012023007961508925
1.4598193340444061 -0.2163125367492085
3.5130106651305306 -0.09053317885687807
0.6394468071344293 0.45078104366007327
1.7617891636095624 -0.12293777058378355
3.9501926218842898 -0.012557457829392535
2.4493303399632307 0.12831487226421992
0.6192864653856925 0.4783230213574863
1.9397448137614919 -0.030878274032919394
1.2469653725160736 -0.17877246816587794
2.4658343259774584 0.12834522681526114
2.5458838354537408 0.12373249920792788
2.5909270323534086 0.1178771305550182
0.6813345812457073 0.39340504464251225
1.954470503464881 -0.02321570308824667
2.4608646650389083 0.12837240834041372
2.154648776075512 0.06898395568163157
2.697914655841771 0.0959030732690066
1.041792695834545 -0.04000097645840429
3.722713156642124 -0.06541563983088018
2.5985285414499995 0.11667455488454258
1.461539364952646 -0.21620297420542117
2.374060402461517 0.12372016290853274
1.9634789375438035 -0.01855939858333864
2.1592988335589127 0.07073228884361303
2.8488663682423225 0.051079552423618585
2.0094649610167505 0.004709495554457798
2.555704807230615 0.12264643833177488
2.5471253772889115 0.12360122894992648
0.8374237309441886 0.18580738280941375
2.926216025181367 0.024989611463887975
3.957383888394679 -0.010736616581630278
1.213808178470529 -0.16319662006607397
1.6361608759905482 -0.17701745110486425
0.6793341690766078 0.39614393023794564
3.842553798472133 -0.039323882792216415
3.8572455221950044 -0.03578122720568366
2.0629831646924868 0.03033131261774896
1.1844786016898963 -0.14717308329598827
0.21752140655866486 0.9239662425949036
1.2958918894927358 -0.19683898268459493
2.2710744027286363 0.10544653345952715
0.4616807899023231 0.6844689660888331
0.5438632892236567 0.5797274393573124
0.6446577239997968 0.4436485597165722
1.995002057016421 -0.0025051290576092178
2.6014975756783283 0.11618867886169189
3.2078356779036734 -0.060283551695933316
1.6298093546861754 -0.17928847419459595
0.8833207752888282 0.12915329094365113
0.6685837367132736 0.41086987899076266
3.2375330071500503 -0.06674626152270162
2.0586627093416583 0.028334509862545522
1.3182271494559674 -0.20315453343477427
2.089308720863635 0.04218696186071345
2.3663976106740305 0.12283692754579417
2.4150282835263526 0.12713541544409002
0.120188032118038 0.9764074657486385
1.566786604594781 -0.19870548544925398
2.9308328444133647 0.023414548154016022
3.844865598528486 -0.03877000332513541
0.10665759341015163 0.981392256610402
2.3233153666884117 0.11643695995523502
1.1692604566397722 -0.13803248146708688
3.3602845565841246 -0.08574763072386433
0.9181641528177581 0.08815122399544412
3.446885499003078 -0.09106444256756603
0.7085935145647111 0.3561615137921862
1.2611936137344117 -0.18462936207439418
3.0120405506448678 -0.003996519730917747
2.863244080343894 0.04630671878304832
1.1774193440062304 -0.14300297135995116
3.7375562409524186 -0.06252853984945043
3.3165714775723423 -0.08047626267091025
3.6418213288670747 -0.07887130517663503
0.4834615336294902 0.6575090573697422
0.7058382267678114 0.35991726244580935
3.8557801985546685 -0.0361368958142664
2.305908738913552 0.1131643272293915
2.2884798573619385 0.10949608339744427
1.096914364401766 -0.08699309441865276
1.3879090924709456 -0.21527124952586119
3.0682920423531224 -0.022086989547779823
2.6371113229519216 0.10967813746416728
2.622186053140644 0.11255697670126065
0.8146018853053467 0.21494180689570655
0.2120822275681271 0.9276377063699212
3.467221433045114 -0.09131913421021294
1.1616703130209038 -0.1332637530006817
1.3805178412367751 -0.2145189847597996
3.4465316315467507 -0.09105668306840833
1.0631425314070355 -0.05900359993698987
2.3451824157054277 0.11998923699543512
1.7429447678914098 -0.1319675711883689
2.059843238726705 0.028881485723397538
2.5796349666693175 0.11955186571328863
1.4719001181860536 -0.2154156939629663
2.7322319858873985 0.08684689804011438
2.3212655957562487 0.11607199984756839
3.1582596010239303 -0.048070636540203125
2.580075934467699 0.11948900369680064
2.1526242072718835 0.06821576763166536
0.3044784506078235 0.8543294273620315
1.7621381809469483 -0.12276820434512174
0.2451613119421861 0.9040241105707553
0.5556223971550016 0.5641644965106576
3.040267078529264 -0.013209288767942967
3.1920980006868933 -0.05659225148925143
2.2695726675563543 0.10507923254019334
2.28978667360256 0.10978461409854813
2.329752414197629 0.11754750448447467
1.9516189496127345 -0.024694872921509167
2.295798908098347 0.11108394993390766
2.6488542307645035 0.10726695031627535
0.5792419119590028 0.5325879286167947
2.760093382407988 0.07892125336860574
2.469763758055802 0.1283017029470157
1.6712906053715508 -0.1635403645117597
3.196937615683034 -0.05774642407088052
3.361401407196606 -0.08585981202953104
1.4645558442392415 -0.21599623717277275
2.6604003740994613 0.1047751985024543
3.314073434383156 -0.08012372665780655
3.803209109725679 -0.04850960406996962
2.5371159608023097 0.12460936799205567
2.0970267692849056 0.04555554817040225
1.6289501144975633 -0.17959158962392274
3.37651794055096 -0.08726668677603733
0.8085263263334758 0.22279252416177223
2.05116857864797 0.024838762960523068
2.083559204914644 0.039645053055360785
1.6580912582741538 -0.16877937269187418
1.9024455639165487 -0.05047945467589778
2.0027068788542453 0.0013515938141575787
2.0707309572233084 0.033877080841255056
3.0733970686453373 -0.023670351649225777
1.8476783621880777 -0.07932895663011487
1.198341798010867 -0.15500903902222102
1.7409056486848622 -0.13292910128302174
3.669917343004897 -0.07466782971758905
0.7065569899468234 0.35893727831251265
0.9651458781867013 0.03604068149192758
2.7301107387844956 0.08743034430377936
2.106521626286456 0.04962898078907634
2.4025651675280324 0.12632894928196917
2.9391276627127474 0.020585014535592056
2.4706448035548507 0.12828928153705696
0.963025447324634 0.03830787629556552
2.722870736170066 0.08939908668940054
3.1003608191715037 -0.031837023566401605
3.1121369160797796 -0.03529143164930192
3.274801753124099 -0.07387193382034113
3.995514710287723 -0.0011225440549075742
2.895155135203609 0.03556263078383963
2.0603819157223886 0.02913073172681524
0.6971516561231096 0.3717727517192517
1.4219564435802727 -0.2171587732253084
3.683239608420901 -0.07249274988538089
1.7909964544788732 -0.10849048073319333
0.9688196582763332 0.03213240040827456
2.5946015962695865 0.11730327870824662
1.9470143522751344 -0.02708829161612806
0.5550522402469957 0.5649216936874647
0.6536273268589414 0.43136359592364704
3.443513596847088 -0.09098586511223382
1.9165781637633248 -0.043029888580885
0.2143434527953036 0.9261216230164155
0.9852194255231504 0.01499692667689509
2.1127954172356955 0.05227651979324593
1.4598531325716957 -0.21631044221303292
2.422314101788334 0.12751316469628943
0.18420716600494141 0.9451108585342102
0.27379665547783916 0.8811703651236499
0.6331509486656435 0.4593923235027607
3.4058565049283205 -0.08940162646419303
2.6878019857616704 0.09840646955249
1.0270554456095382 -0.026311023791020835
1.6115357470715275 -0.18551741811911146
2.038811248040521 0.018989081793290046
2.7870357893209423 0.07083800937030085
