-0.871706955456558 -0.2819501765439708
1.4504072646295345 0.6484975533435731
3.08076905240085 0.05709758070906435
-2.3514081903505044 -0.9622006704752615
-1.3178259198589783 -0.37135361640924397
-0.2623278464052303 -0.19384116975158167
0.41287530103852 0.5428883317389832
-1.8596839295569745 -0.8080556055067065
-2.3180932998939587 -0.9781905892058128
4.494862232594619 -0.741228937749139
-4.577568593114899 0.438602130067704
1.0055330982351238 0.9890932397579908
-0.7111908305324182 -0.2812784018079138
-2.586452782708457 -0.7399085489153426
1.3392488004350236 0.7545753591049471
2.4066610232203347 0.2814573502547475
-0.6718278216429985 -0.2806047443372552
4.623064294399551 -0.6194788961751074
3.1893773347969407 -0.05004540583783238
3.0275986871907126 0.10088361892215349
4.925637534028178 -0.3915703129241794
-2.927644877237455 -0.2561403909006765
1.1149059346753498 0.9392769980153525
1.1521492215176607 0.9146760944079227
-2.3655174405174293 -0.9541337394754453
2.1765368851014166 0.2852230524258831
-3.072001387048746 -0.07435770540684361
2.1577764496590177 0.286493669676873
-1.5942656003723652 -0.5603566191761169
-0.19186269625709507 -0.15487495645188692
-3.175184826970654 0.032458461510597746
-4.1394703032538 0.2876152547291249
3.9716106381058953 -0.9808109886918851
-2.775268615811087 -0.4746981992459773
-4.250133945091989 0.3026086070871592
4.091667680685243 -0.999159843972393
2.0670078740287243 0.296717525360276
3.5403950582863573 -0.5223384581795839
1.6174688809226678 0.5023379504888791
0.4623302625677983 0.6141255095525721
0.6020947186368533 0.7973369152762324
2.101231718049129 0.2919880407565649
-4.210713333863298 0.2958842158645751
3.393235263275514 -0.3085242475059259
-4.713575475099388 0.5413015098923317
-3.8529356333126916 0.28128000360993727
2.29961898858444 0.28165529572625636
3.443975838715808 -0.3811738817137726
2.859004638235506 0.2034057924316918
-2.9821728046913054 -0.1835729683561021
3.9221949026428806 -0.9568050733526374
0.9888244125114873 0.9932924461280178
4.334621237816027 -0.8841221067456044
4.662056580113735 -0.584010007882618
-3.8560899602669707 0.28131175454211704
-1.2858781067140845 -0.35684046074994885
0.12126780893142985 0.13548379546039946
0.26545213470435414 0.3280866012200097
0.41282769364530036 0.5428189620033231
-3.3680997004864532 0.17516468863469326
3.4426620002542716 -0.3792691279172837
2.074318169383994 0.29560956435561103
-3.168673101891639 0.026344228689918075
-1.7310615596567045 -0.6864001950123233
3.6403498568299106 -0.6650502539484676
-4.031438724766581 0.28226677398570416
0.6276849452985909 0.8263380582824383
0.345182446052835 0.44365740231700274
-3.289941418320239 0.12616524707260116
4.04365245678332 -0.9985889063663207
-4.415824468289785 0.3519316163835793
-1.285072826451381 -0.3564945239324609
1.4484882082974888 0.6503075982841378
0.4875837734167643 0.6496082840940993
-2.101214745298423 -0.977262987035823
2.46480206047052 0.2807218460185387
0.8091346920076852 0.9718269901781957
-4.83198600649469 0.6477510253738992
0.4342603321091527 0.5739178285119675
3.2583740242827304 -0.12998849329423706
-0.8527682413214341 -0.2817349516407059
4.127322276287581 -0.9939618359742731
3.700627060883157 -0.7448596460864729
1.1934517601206993 0.8837886311819062
4.09244293977045 -0.9990968777463567
-4.982445408530355 0.79074644198901
-3.4569369233557268 0.21740501289080874
-2.416774452210826 -0.9185459251839649
0.616365424423674 0.8137260538587913
-1.3571666690527415 -0.39136482015515567
0.48920399854749963 0.6518580392309489
0.3762461210108867 0.4892697374347517
-3.628040896209177 0.2647090426083695
4.728745608166811 -0.5266944390337265
-3.7000778978158744 0.2741338153181049
0.04927567322794957 0.05167876989559913
1.0741042867937818 0.9620886307204669
-2.53381292732068 -0.8039296291186223
1.703819606010093 0.43978935323240836
-3.480883987875769 0.22653907960608063
2.203472295685991 0.28380681291404775
-4.4536154425410155 0.3686023924056738
2.044900821379229 0.3004098631138985
-2.668424882537251 -0.6294442684261482
-4.232880149249141 0.2994587110980549
-4.959833396472382 0.7696099060609498
-4.956158749075393 0.766145606758813
-4.049741275451804 0.28271892335526405
-1.6675917309337427 -0.6264043632365648
0.16271024426186464 0.1878297058025782
1.290283635043905 0.8003951078482195
-3.5297344658654515 0.24246217062953793
-4.106641566615711 0.2852226328229347
2.236752109961941 0.2826263070577222
0.6936101883876864 0.8922649297898533
4.216967324708577 -0.961449462083872
-1.2275216254853172 -0.33424373297283677
4.67462684434701 -0.5728541522806351
1.6013967789384322 0.5151065626193039
-2.8854771950486526 -0.3148407167290207
-0.7971753402447579 -0.2815405760738025
-0.30144455393335345 -0.21168135838126684
-4.645525071286577 0.48677721020361736
3.1705915361024744 -0.02983515400201528
2.075442677334342 0.2954439703338459
-0.7015607913224633 -0.28116308434290066
-0.5679452563018961 -0.27501735067267963
-0.8757662743300827 -0.28201081344325657
-1.3295608740589602 -0.3770742017258827
1.0556060515257624 0.9708472042216016
4.903435278047743 -0.40392813407192113
1.33988015454592 0.7539758985498004
-0.5711437377533439 -0.27529947993627674
0.6434011876063863 0.8432522279916048
2.172773974288652 0.28545817334172147
0.3443392268226928 0.4424205444258771
2.9197912893900266 0.1725392376536839
3.317846464041077 -0.20552375695183647
3.5898171594516963 -0.5940069799806238
-3.2248968341239648 0.0763063860289698
-0.8013706201984689 -0.2815421377104495
3.7523734881184385 -0.8073760839324273
-3.7297899086321418 0.2766682215265192
-0.9658454420811333 -0.2852715979678422
1.6301824887314957 0.4924763095337851
1.2663544390842176 0.8221028573345593
-0.5129501336703637 -0.26876896006619966
2.702336760723373 0.2555384702601578
-2.4762336298574192 -0.8656612453378865
-2.397574162345774 -0.9330090294624886
-3.658839044240909 0.26935902362245273
-0.22450234248977985 -0.17405115559649073
4.386947668594301 -0.8406395304267679
4.290269382854667 -0.9171086736956982
-0.8130733666079113 -0.2815530886925967
3.385550634706968 -0.29771871050160503
1.5693082332464012 0.541555756308077
-4.063027619389576 0.28314362997950665
4.089055419216285 -0.9993553710673378
-1.9198926492157264 -0.8608257219945668
4.004730372839159 -0.9915318071259545
4.936969634769351 -0.38555557779490335
-3.396404613326296 0.19011175833926192
-0.2586949862449437 -0.1920509099928957
-3.3392218026081277 0.15840763723453166
2.0155577659163413 0.30614745998996523
-1.7816732449531338 -0.7348781858125422
4.785658432319774 -0.48195596816302927
0.39615169688794616 0.5184592074829556
0.4955093288401642 0.6605794740664892
0.02175395624103693 0.02222528605461986
3.8643072630433846 -0.9168810125120153
-0.06126368533350579 -0.05748343475959007
2.0139860854432436 0.30648292187639475
-0.9735200803811974 -0.28576561046746524
-0.5627991031493051 -0.2745459268542253
2.0300979871807945 0.3031812658779121
3.062516528039911 0.07277173113973544
0.4053759639926131 0.5319477932458246
-0.38257749725088175 -0.2408242460304547
-2.38596490692653 -0.9411020285504489
2.505974857508006 0.2793989398927068
-1.21392509291839 -0.3296818273761885
-4.617449365989737 0.46606963143375496
2.192013361828943 0.2843541308737576
1.3809862478604273 0.7147060034423708
-4.937672046406709 0.7486205715799157
-4.69394600554142 0.524981568076704
1.7493994471565335 0.41118579695626517
-3.2894064478163454 0.12578942693042391
-0.24137432701026995 -0.18319500372338193
-1.9156775598029752 -0.8572881590522521
1.945197962525878 0.3241779784347587
0.3089065252285206 0.39064569962924345
-3.9899180318081227 0.2816988023171926
-1.6809920802687017 -0.6389142989678979
2.899312557039017 0.18367135248199137
4.219389556453878 -0.9602176247746642
-2.569272846340682 -0.7615054731765443
-1.9726318672846386 -0.9025251011095673
0.2147806117635671 0.2572799359888599
-4.023084365287522 0.2821060562211569
4.964570711778952 -0.3717314849187759
2.715648798085124 0.25246384326081645
-0.20387359578993625 -0.16216257061672118
-4.201803629661719 0.2945904879174118
0.7369689940349051 0.9278535192175594
2.674054054254503 0.2613463379185654
-0.29636629185933394 -0.20951109364590167
3.839214587694123 -0.8958302077170901
-1.5809164988694135 -0.5488759350515089
-3.723589356231758 0.276196394932181
2.4803856883271713 0.2803177600214626
-0.9908385714900962 -0.28703493206100994
0.8668141479117857 0.992454169997029
-0.831202292958773 -0.28160097857967786
0.4615213227082826 0.6129770227942153
0.7395133089195651 0.9297351114881693
-0.6417754494711501 -0.2796516322413516
-2.7766032897970625 -0.47273778504296377
2.647098675923168 0.26601992305857947
1.762286910118367 0.40367339964816856
-0.9677720584349299 -0.28539180913171314
-0.1417259614461095 -0.12147310113003398
-2.2706764192470708 -0.9934201923029682
0.9087554242198639 0.9992028532421228
2.8356002705010663 0.21358881428222515
-4.957540777823918 0.7674493668181529
-3.223383467764407 0.07504536184451396
0.5156712596473936 0.6880783863610075
-4.951738777824617 0.7619694490132282
0.936771039060666 0.9998868138581521
0.7606647653735017 0.9444580127323512
1.9055847248996987 0.3372231695201435
-1.7011722140888432 -0.6579354681820797
4.541735694125604 -0.6963437946793064
-3.383713508565913 0.18358771310178587
-1.8487184131428167 -0.7980129610162773
-4.108202445731067 0.2853189880164106
-2.016577273318604 -0.9329343242494338
-0.08213390936694154 -0.07533165409883734
-0.9750382237443578 -0.28586818629618715
2.0893533012813545 0.29349978316414915
-4.3315205707956785 0.32225322288360103
2.2611635821280913 0.2820874925385473
-2.5671537326615192 -0.76412461533077
-1.9485266935281964 -0.8840926666400961
2.245805768453895 0.2823978225067503
-0.9089854170132234 -0.2827431539536383
0.1137434349923625 0.12628719340852798
3.263206716291492 -0.13590935062646228
-3.500631647601816 0.23340198374566093
-1.6688384716189875 -0.6275636550755536
1.224263648525545 0.8586773732932387
-2.2269003619354653 -0.999601107291319
-2.006575130789343 -0.9264077957081288
2.7572380495824262 0.24135212273469991
4.5268094529253595 -0.7106502745161879
-2.8172253059193553 -0.4131796117765782
-1.477389549651397 -0.46717152121830063
3.7013314130808475 -0.745751696313002
-4.220338109294852 0.2973727763454461
-1.9658143032803732 -0.897427997302364
-4.527413414637433 0.407439251543965
-1.8484185858083366 -0.7977368933885582
0.8149268849674653 0.9744902563157862
3.908398307611087 -0.9484210274501743
-0.304769970941992 -0.2130794480144332
-2.263090155164451 -0.9950314219369347
3.5371475036674074 -0.5175854199983471
2.5655270505731 0.27571765483757366
-3.3186989335927075 0.14554739056138816
3.116819815309123 0.024156920187491923
1.7481499432341412 0.41192772540032374
-3.7958939346340337 0.2801028659813041
1.5341285883464506 0.5718900212736702
-3.726560530101498 0.2764260893259817
4.412195434258306 -0.8182909263388957
4.099463376798685 -0.9984241762088725
-0.01322066027032065 -0.01304551454099839
-4.2918192660594965 0.3116410954836451
-1.9709775753493042 -0.9012970107743503
3.1231032828434344 0.018146556785706664
-0.9880811601398074 -0.28681797780519896
-0.7272853381021926 -0.28141407060430496
-2.6553673441703074 -0.6477193291167371
-2.8576543196161373 -0.35453422378196525
-1.9136409985578764 -0.8555693480099562
4.890860271133656 -0.41126396152938327
-4.82290240931452 0.6392121320051016
-3.596853019532611 0.2589429243186585
4.361353507725049 -0.8624440110639264
-4.2391651506742125 0.30056789549013885
-1.1478887571717076 -0.31107892791395914
1.4808356498769406 0.6200670150064108
-3.642773999368406 0.26705686513390653
3.8277262415767037 -0.8854771300274651
-0.9124499613043566 -0.28284699429033694
-0.6441654877676575 -0.2797441033424876
-3.3518558313035305 0.16592927145150368
-1.0074913114320339 -0.288471100027077
-3.9239957140801107 0.2815395139552822
0.29503416513712377 0.37053303049489894
4.184702326891927 -0.9761662566993013
-0.0659036707679217 -0.061527774480474286
3.337368535420195 -0.2314976687761707
3.344074448185614 -0.24054123845383688
4.468436611167521 -0.7663179231233628
4.721437328540626 -0.5327356566832115
0.41828642467105936 0.5507653927806867
2.8164468225629964 0.2212533235757738
-3.9359847993392494 0.2815399965414579
-3.127036788799323 -0.01476718626173043
-0.5506182729617155 -0.2733415319164035
0.8466740262065597 0.9867449347324383
3.943931556768799 -0.9685352672534058
-3.8524434031102697 0.28127479771351177
-0.4653399770228521 -0.2609289531807918
-2.531133762362016 -0.8070074973416547
-4.179609639211699 0.2917053851672731
-2.2012297599823727 -0.9997566374180383
4.108831721440982 -0.9972409090414714
-1.659939786150396 -0.6193113614946346
-2.7516002823384103 -0.5094368609408343
4.748694090962143 -0.5105365703960033
3.2098220420132613 -0.07281292560023585
-4.898464182269443 0.7111254855261049
3.8736435933996898 -0.9241500988333061
1.5411613642140836 0.565722570784001
3.3236980331162584 -0.21325245046017782
4.756177055517556 -0.5046050326892474
1.2731654702237858 0.8159822287332212
3.4683448667233705 -0.41666461230683965
0.9292163950311707 0.9999999653207055
-0.03230529455319964 -0.031256933614188076
-3.2286901468742313 0.07944686908614633
-3.7477317252156928 0.2778762503924036
4.8747139838922635 -0.42103865008897046
4.213011037111826 -0.9634242843853031
-4.394275437409744 0.34337794971776336
-0.6710905296510381 -0.28058644951930034
-4.368991848261496 0.3342014962850713
-2.8592474292376813 -0.35224435463111703
-0.3042837157201541 -0.2128761490948203
1.1844457861327644 0.8908137572699313
-3.651798264232898 0.2683823324838078
1.980134778584973 0.3144373495415354
2.9911500125931436 0.12763081442218605
0.6477330261796341 0.8477881571762833
-4.905517224970371 0.7178865390302773
-2.4383572032464307 -0.9007277643736169
2.031766585900348 0.30285650335892417
3.865794794271121 -0.9180599615813151
3.2255965686705714 -0.09091826435762601
-2.7951824861606767 -0.445458503069611
3.3070806193051148 -0.19143614092335365
0.5544740094298888 0.7390588964943867
-2.0558916566332206 -0.9560793985828908
0.6429197504439257 0.8427446910450057
-1.701950823084153 -0.6586731088873743
-1.6166270861129783 -0.5799978687252731
-4.640538813249366 0.4830193498834714
-0.14793673796961482 -0.1258758453492439
2.9306514882028702 0.16632448805422237
1.9084020100013932 0.33622270508403584
1.5712619373984715 0.5399106319819373
-4.605516962114135 0.4576074537038456
4.32717462521714 -0.8899358972018562
-0.21222183737439693 -0.16706869613945635
-2.661449267044759 -0.6392333052094575
-2.8950472435205965 -0.30135023149793916
-1.849839701666438 -0.7990447232517179
0.9532323296040266 0.9988892977756725
0.7785544612389668 0.9556063858483805
3.4078030001375765 -0.3291657414355688
-3.6809416353829416 0.27211196320146236
-1.5045723811626157 -0.48726198005181337
2.9076168708591794 0.17924881380833296
0.6122792698184796 0.8090880159975118
-4.620118157877933 0.46799027412521127
2.8984691018658273 0.18411360776992938
-4.9640699124786 0.773594657661151
3.3753610440223305 -0.2834865063398907
-0.13218457943128925 -0.11456126470922451
0.448333431778809 0.5941630476559178
3.4852324384927904 -0.44139469157447925
-1.4083519286861046 -0.4209649088946012
-2.6970734203247124 -0.5886919885205075
-2.6635896249933646 -0.6362359041946701
4.262356148726683 -0.9356336135536534
-1.559863419753488 -0.53117174659241
4.485419621373406 -0.7502249440198197
4.269186058588328 -0.9312756473958421
-4.977999656989697 0.7866181477474194
2.9518506956381696 0.15355992448218866
0.9673592207116748 0.9972236272005517
0.39779735821341866 0.5208678713620066
4.265730470118914 -0.9334951623810559
3.236117550896852 -0.10324894353259632
-4.3013993085578655 0.31401624882006146
-0.14165376617683023 -0.12142147679374454
0.9913671150957413 0.9927169193244689
-2.880374038607827 -0.32207060241627944
-2.752631262548799 -0.5079256443581578
2.3709442709760067 0.2815374784964041
3.325448500691863 -0.21557403801578182
-0.9891762170654816 -0.2869034472883568
-3.0334604448397218 -0.11949307384402127
3.2123931828547434 -0.07573229430303169
3.5853398618639165 -0.5875830962666833
1.70887051954994 0.4364648702235328
3.496739528205456 -0.45828234316126915
-1.1317446552949706 -0.30738022380194613
-1.2402180836847476 -0.33873939808942755
4.178404665588255 -0.9786584145229958
3.3830480072406672 -0.29421286013068043
-0.04733999159693347 -0.04508530241040304
2.579115215557982 0.2745157344811011
4.256417730795567 -0.9393266732698755
-1.8416781344423807 -0.791511248744392
-0.2884744652191369 -0.20605319001050032
-3.55681799435812 0.24982246344754258
-0.7711561805606806 -0.28153768327845596
-2.657323943553717 -0.6449944467551677
2.2355204017755703 0.28266020382942203
-0.03263958802391276 -0.03156937742078428
-0.554762542549236 -0.27376553295985595
1.2372392966498875 0.8476541995139001
3.4894625902229333 -0.4476003789868023
4.465411003802204 -0.769170569272647
0.5559005753970458 0.7408781042615519
-1.7362220714703849 -0.6913378499177658
-0.5038732370074674 -0.2674610315271698
3.79712838218601 -0.8558171023034085
-0.9492419722747547 -0.2843368875789149
4.651427364789974 -0.5935555585483262
4.84525139447706 -0.4398958609333869
-1.0821359398172925 -0.2979201483334005
3.705809847552274 -0.7513989077941506
-1.1865655661486265 -0.32127462545890234
-0.7268993111062176 -0.28141155486626335
-1.5312289517414666 -0.5079417997974273
0.7846519390773254 0.9591283782771002
-2.900670692500676 -0.2934665037698856
0.8835396888896652 0.9959757018235078
1.16263331353628 0.9071696923503397
0.6152876338561475 0.8125070254278983
-4.671419250307491 0.5068305829978151
4.834244716229108 -0.4472748196407319
0.37165980589009795 0.48253507904606785
-0.20194051050891115 -0.16100797780477724
-4.493684636024855 0.38864985726717644
4.263725166509184 -0.9347694706733476
0.21070236273989273 0.2517080637751837
-2.3643091711711794 -0.9548543632664026
2.8939492760883265 0.18646185722414244
-3.8158536142649693 0.2806634592092506
1.827897670899004 0.36938990619518147
-1.9115839702487758 -0.8538270290904576
-4.918097692351963 0.7299355042670841
-2.9291683501908494 -0.2540581053532312
-1.1436128572776436 -0.31006825356217066
-2.348172308593255 -0.9639429653439616
3.9277869777538097 -0.9599967146960423
3.8578012001811555 -0.9116328486882431
-1.53038637747261 -0.5072738455716044
-3.2367811113835177 0.08604840472896558
3.53815112896646 -0.5190546688480329
0.029155456929040646 0.030000754605411663
1.3897519467079444 0.7063023866321005
4.987301233997238 -0.3612200505298906
-2.6185884264161565 -0.6979203253681974
2.567431855058003 0.2755580925598397
-1.0403695542536395 -0.29198908947458346
2.530336859378009 0.2781800120403748
0.2776074359335601 0.3454458472223348
3.070525515298483 0.0659771368405937
-3.5545215111800674 0.24923689061309479
3.7006150412809156 -0.7448444143970234
3.9970984806855796 -0.9894462426615177
-0.2706127427557572 -0.19783789675562558
-3.841506006726977 0.28114047429770395
3.995653892336751 -0.9890255226164897
3.6102402218943634 -0.6230706842308147
-0.13793867326191034 -0.11875107933706525
0.07948942356779476 0.0856894819339941
-2.5120640428301355 -0.8283586832930876
-2.923233057525927 -0.2621867094000992
4.890533003177106 -0.4114581208830246
3.448473987311777 -0.3877026325683303
3.891260224763812 -0.9370091973858499
3.9864376484043405 -0.9861469160826769
2.209368763136461 0.28355499855092303
1.6814768143026555 0.4549500025357339
4.316723772458012 -0.897915946976265
4.3055122333621565 -0.906232365968892
0.5945763179207244 0.7884919009795027
-2.36576877581824 -0.9539831425150583
0.16065808380311353 0.18517289486330607
2.3668207592591015 0.2815387635888558
3.974322967154201 -0.9818519757078707
-4.51750769908544 0.4017393251822229
3.0338721177758288 0.09601350109325656
1.6861752257025922 0.45170076900796724
0.44937164763671156 0.5956500635255636
-0.8070896024579879 -0.28154605944078437
-2.002242182887526 -0.9235053239964792
3.868137562984881 -0.9199008059152144
-4.966075238930782 0.7754771654157577
-3.9773397855513872 0.28162113718327564
3.5436680383353085 -0.5271250109375696
-2.39077360388206 -0.9378101578950363
1.3105651954440507 0.7816037681737015
-0.48512378171672843 -0.2644865103451018
-3.8575711933435466 0.2813257258017459
1.4909538102288362 0.6107442276409164
-2.9582937364522577 -0.21483492544539823
0.24507016181364438 0.29927883439253783
-3.513405843271331 0.23753014415243265
-1.1444888457370372 -0.3102734688024458
-4.869061420054073 0.682965532399014
3.5512105878610143 -0.5381394249708895
-2.531917000766415 -0.8061096451192783
-1.4451255171067512 -0.44469678576530053
-0.7208239166167818 -0.28136742219026095
3.7391775920409174 -0.7920484054930533
3.5740950746297173 -0.571378204433484
3.439509110990004 -0.37470241045636504
-3.91677939323549 0.2815388500188818
-1.9249836989511349 -0.8650618077409773
1.707894333902913 0.4371044110449891
-3.1223060468504493 -0.019657267644809157
0.34531939294390934 0.44385829302854085
2.9296654311901626 0.16689776272479437
4.918900080752708 -0.395240125999813
-2.8963749811993367 -0.29948585299524827
0.8895961197316007 0.9969786171048816
-2.973139580204135 -0.1952988095380405
2.8070160935280892 0.22481210682666047
-1.4448308820136315 -0.4444985837511674
2.209321659523818 0.28355693275517624
-2.826795120450604 -0.3992186940619618
-0.9481921946861247 -0.2842836725468431
2.095694564951617 0.2926761069738518
-0.7230834365047087 -0.28138485574229133
1.044278390212221 0.9756897457512926
-4.724331224156337 0.550431659101572
-4.368202773942118 0.3339297861312125
3.1199291322581164 0.02119269988518674
-4.469902717362903 0.37645442014207836
0.6904467462580541 0.8894155676721536
4.969078401369297 -0.3695845534842656
0.3568406292542665 0.46076951390786697
-0.5362334889032976 -0.2717517896671091
2.6609229439025306 0.26372397405401427
2.9475558800004737 0.1562142264062716
1.2138663769704507 0.8673267634334239
1.8754316016896926 0.34864800864341955
-3.3601645051219107 0.17071388258855932
-1.1758206683422712 -0.3182478994042895
-0.49867152308546636 -0.2666732205169879
-1.769982061923968 -0.7236905467375415
0.6051143245494472 0.800849021926826
-1.0112688234037281 -0.2888279664041222
3.0344138283072155 0.09558927012540977
-2.583187006310226 -0.7440624505485297
3.7818792087548765 -0.8399567401174726
-3.2635561709998493 0.10695704286553333
1.3154612720470293 0.7770231494334465
3.08438750859111 0.053910137014905365
-2.980678625498366 -0.18550389671664833
-0.7813233303097045 -0.28153948786101013
-1.4371916864702539 -0.4394047603926249
0.3087045780709943 0.3903521260402484
3.026412099963917 0.10179592379904158
0.09344003343383722 0.10196815815969627
-4.786823080688858 0.6057917620369582
-1.3938485490300199 -0.41216921879248636
4.048565125710644 -0.999056460137924
3.665331480974265 -0.6989012706964238
1.446245196729235 0.6524253897735017
-0.020005646520898424 -0.0196042180686466
2.5290224933336276 0.27825524657639444
-4.66131188942454 0.4988971981379595
-3.59015709021027 0.25755661617433656
2.534957714621875 0.2779064540998173
-0.6007514689592899 -0.27753729088072177
-4.22965193427685 0.2989057147945018
2.6546763982232537 0.2647872176978183
-4.539903934945423 0.4148414070084558
4.890804990545039 -0.41129674649657644
3.3386994308364386 -0.23328771380167115
-1.555821828856494 -0.5278320481343618
-0.8446003128238333 -0.2816721714020475
2.180426048222942 0.2849900531668051
1.6491033010618477 0.4782041920732236
3.0004046796962918 0.1210881581284329
-0.5377310113206129 -0.27192602698119905
-1.871293126146841 -0.8185636682290469
-2.5013437613475418 -0.839916716942873
0.6330268510048143 0.8321663712072657
1.3190278292303592 0.7736769101409144
3.3486519198458957 -0.24674851521177518
3.454465833438789 -0.3964163458669502
0.4079252437017802 0.535669701910899
-4.89941503562364 0.7120370744568476
1.101472083117578 0.9472940402547805
0.8983698079253335 0.9981756515607997
-2.875879141994849 -0.3284585538413545
-1.0600529172547857 -0.29456825445970414
4.8347382852428495 -0.44694007702706007
3.8330744715414795 -0.8903515428985852
0.22207257096819966 0.2672936677335936
-0.26308271775512004 -0.19421027152093695
-2.195711104631226 -0.9994612333737576
3.2163431731919587 -0.0802414016896794
0.921886268030744 0.9999004451423794
-3.8036945808379716 0.28034393536846486
1.8500082268026663 0.35931966683592326
0.8145981745797615 0.9743426284678135
2.004377501860473 0.3085979891301879
-3.0354847976990564 -0.11705556444286301
-2.7205371608372717 -0.5547902081017305
-1.0878040121613122 -0.29886246701513874
0.49552334495508354 0.6605987997266722
3.348456550643629 -0.24648302900925395
-1.3773875515946479 -0.40257707752991184
-3.36026498371897 0.17077096339099482
-4.09621141415634 0.28462018436666076
-3.5984671518668843 0.25926905028609315
-3.687858492846605 0.2728800733672141
-3.704669910090961 0.27457196578415355
3.629809631670291 -0.6504879313453138
-2.846218272357671 -0.37102489471273276
2.456119438514297 0.2809024820310283
0.9554505033275307 0.9986768916030211
2.5792600002458643 0.27450211650696416
2.4372792426659213 0.2811989306425794
-3.5191157745595913 0.23929825941810537
3.81219689429056 -0.8707945627777638
-1.9995278380644441 -0.9216644608930773
0.6848785701632085 0.8843196262943417
-3.421759616509074 0.20229989532777534
-0.4614725187176125 -0.2601810894721769
4.113268937620651 -0.9965675253260303
0.07890928800566144 0.08502028854041563
3.8221234731899276 -0.8802698398745028
1.9356315814349214 0.3271292050112076
0.8560862736957802 0.9896129641240067
-2.774323890921152 -0.47608582998495297
-3.3628131179429888 0.172212320908905
2.7150356517145724 0.25261042398922146
3.5134617568910365 -0.48284245458289793
-0.735498598585977 -0.28146008817611845
-3.6622544331684272 0.2698150619898329
0.3324174828440256 0.4249513833203587
4.324873810318207 -0.8917110244120411
4.789640470834813 -0.4789873607439545
-0.8196739937623532 -0.28156528464997355
0.423493899887343 0.5583307145225294
4.971825975672239 -0.3682911185711782
-1.2102410824495422 -0.3284901476309113
2.3847901592499934 0.2815245754360806
-0.8187700305687953 -0.28156330060679285
3.412341772278376 -0.3356360885154594
0.5356618856461504 0.7146898548539071
1.5422425819970496 0.5647787833873266
-3.0421107493718513 -0.1091281790712386
2.8147216802044497 0.22191480333552308
1.0107294182406168 0.9875888911006054
3.0537452809179353 0.08006425608329786
0.4012296622084923 0.5258885644384546
-4.624927156505184 0.47147675689449176
-3.7436774114931346 0.2776230303533028
3.9484197015572526 -0.9707294074004873
-0.17283504679160533 -0.14276983392029832
3.3904490920726467 -0.3045996267852956
1.548974728911105 0.5589293121979471
2.6534253972023025 0.2649950069109279
4.436919588505969 -0.7957524388871264
4.7016379061384015 -0.5494142008536583
2.858584964480089 0.20359647965286964
4.511017296745049 -0.7257840215501635
0.12426520305182187 0.13917447106474148
-1.8154227338414297 -0.7669538487346053
-1.3654608046683627 -0.3958876175380368
-2.7872351099285044 -0.45712335307561297
-2.8446359937560093 -0.3733134318362078
-0.8630958346410473 -0.2818392098644072
-3.6310727536623535 0.26521123734328883
-3.446598698703557 0.2131780085528953
-2.208388635889401 -0.9999674358641273
2.389085498975474 0.28151677412699094
-4.161392100360163 0.2896778726287681
1.8748340040519977 0.3488878439544083
4.616654861408653 -0.625418301154785
3.510853964808634 -0.4790124478405631
1.9275825081215556 0.329709561725034
3.1174701484356415 0.023538548574854597
2.32658878097698 0.28155612798077745
-0.7942396936493523 -0.28153997327442254
-2.7010260275341147 -0.5830095259036181
-3.003697480551304 -0.15614842379848015
-1.4872278985362488 -0.4743234207031308
2.7908407391515855 0.23059408647451757
-4.818463684205363 0.6350557855478828
-3.3527660456802746 0.16645966270705054
-2.630903277408142 -0.6813416909230041
1.676313550141205 0.4585578842832046
-1.9666812522215538 -0.8980814012665652
3.0862469873200986 0.05226183009783699
-0.11446052223140235 -0.10124266494748566
-4.871952634395358 0.6857292877245167
-3.631068622742788 0.2652105598976005
2.1358625035875143 0.2883087322267312
-1.8083638803567714 -0.7602828417271431
-4.538077916752565 0.41374433839647273
-4.6347973934816125 0.4787348398286543
-3.399195542923982 0.19150820605376406
2.5536033556119575 0.27665286315110277
-0.5253971089131335 -0.27042850527421763
-0.8762783750761596 -0.28201886147283656
-4.301947641345537 0.31415570222184225
1.6265368837596492 0.4952821307147331
-4.424355209390623 0.35550744880944707
0.546681677068225 0.7290488711582878
0.4561232802381996 0.6052962699610716
3.8131375140990436 -0.8717059312104243
-1.6147213687644326 -0.5783050351778033
2.2960821392655886 0.28167838061440503
-2.9612614133885415 -0.21090395016023142
-4.128201545362655 0.28670449043799523
2.729688565178064 0.24897332598682617
-2.151021857553749 -0.9928996341738423
-4.7859248906322005 0.6049714625814124
-4.795958813027944 0.6141700240728473
0.29515345722992503 0.37070548742104936
-3.571799779338536 0.25347303753031425
2.471535664456881 0.28056040509642094
-4.568966625121655 0.4329864637549061
2.8560969297102226 0.20472083784798586
2.7322021995721055 0.24832089588809875
4.366146632278991 -0.8584334429288698
1.3719576626925818 0.7233581022336846
3.2161833869869305 -0.08005843196124654
1.0003562405782418 0.9904989875075433
2.287132276360638 0.2817500395272155
0.026821706028426817 0.027537455928931823
3.6169259788749937 -0.6324894387108879
3.5283085724310475 -0.5046333373842825
-0.11457557949077035 -0.10133114236431394
-0.46402174569251553 -0.26067600658013473
4.789584764967993 -0.4790287375815439
-4.313297964143635 0.3171287892967476
-4.270802797220704 0.3068282161798427
-0.29059656054979843 -0.2069932636864834
3.1809465059950135 -0.04089037523026668
-2.9153899314046527 -0.2729937471166313
-3.411925124468257 0.19770463508889874
1.6014102323496084 0.5150957367463062
0.5996241933578483 0.794446150956591
2.5855343543778373 0.2738950622348054
-4.2476886159844796 0.3021419577456853
4.816055462129924 -0.4598605409960323
-2.6929347864200146 -0.5946278325879668
-1.7414158174051275 -0.6963114205829779
-3.424081084331813 0.20336050027435756
1.6442096167248623 0.4818483545675065
-2.1227244142780153 -0.985046959610032
4.511765934447359 -0.7250671250786596
4.920100985187103 -0.3945808841662472
4.1433553668809715 -0.9901262981206982
-2.894980766315106 -0.3014436249229566
-4.767871833933041 0.5886229483385367
-0.28203070662257 -0.20315210581383508
0.3626040613037773 0.4692341870904093
-4.402786457573814 0.346674828021918
1.5684007106244016 0.5423214167699371
4.701457479047328 -0.5495682159188049
0.9196313090894659 0.9998281664150345
-4.625587292627956 0.471957909995118
-1.1473489967251025 -0.31095010029042347
0.07839155098111927 0.08442359955652656
-4.883155054500702 0.6964518392450385
-1.3513475765803107 -0.38825493557019636
4.599037023143271 -0.6418758028419786
4.928165415389012 -0.39021145040428107
-2.9099046447819332 -0.2805947534944393
0.3505374633121958 0.45151526232391637
-2.0755463785185038 -0.9660312013871499
2.1203137616092977 0.28983159094781763
1.3327521779373104 0.7607340077150127
0.36612481200643643 0.4744055706493202
-1.8972555818332202 -0.8415241993232593
-0.31018692205475507 -0.21531805598954992
0.4760175439984433 0.6334504313376527
0.771483249690549 0.9513444369394134
-0.054364993518475124 -0.05138970549689913
4.0883732478424655 -0.9994021991291722
2.0748597182655795 0.29552965658638647
3.296814582270379 -0.17816656739983877
2.3426216052566424 0.28154113061446484
2.428959664748712 0.2812933224724995
-0.6585571288079155 -0.2802380309995171
-2.1647847407161027 -0.9956989977306026
-1.4575406276736347 -0.45316508520052856
3.3849102051422495 -0.2968209261849112
-1.1490552941988974 -0.3113585871545424
3.0870563921419976 0.05154215667375146
-0.061286158165860805 -0.05750312780988475
0.42632337703865986 0.5624344905674635
1.145261250592715 0.9194746035224074
3.2057406041750056 -0.06820427890132252
0.00705801960617336 0.007107774570373939
-2.3932461124184234 -0.9360842745625866
-2.2946815535799026 -0.9868214791264952
1.2576121757173464 0.8298839160078098
0.6419485734592998 0.8417187960231995
-3.8275989569546223 0.28091261113478677
-3.5695002871848858 0.25293160324608155
-3.020662350604022 -0.13506918951347757
-0.5450333663750584 -0.27274635576403694
0.3931578112128653 0.5140750416814341
3.628285977501937 -0.6483703797038546
4.441544653534439 -0.7914765299219131
-2.4062127950804535 -0.9266664077268532
-4.709515188587909 0.5378888278892708
-2.3876851949017706 -0.9399342256493384
3.012334168674526 0.11240550835318132
-1.2875790358932293 -0.35757434785897163
-4.732591787412524 0.5575297977167191
-1.9363517565305175 -0.8743695942678924
3.56746271368271 -0.5617773537785122
-4.817742985002024 0.6343819976830123
4.119010202922745 -0.9955894494221422
4.717794374014659 -0.5357706236238139
-2.617377651300512 -0.6995366335773525
1.1288173673099298 0.9304823980618215
-4.402064844250634 0.3463911900497498
-2.297731258486977 -0.985819846556752
1.3616058786796401 0.7332659022943007
4.863867377843263 -0.42782826090141907
2.8787897819334853 0.19407355403602847
3.920051052309489 -0.9555497619728823
0.44698797605006924 0.5922345672836046
-0.1707523061970182 -0.14140271197860754
-0.17693611944070486 -0.1454374062473569
4.682860519927344 -0.5656295532268708
-1.2204303526696645 -0.33183216615134514
-1.5397736576634449 -0.5147669158538757
-0.6322103276802888 -0.27924991827423573
-4.989875460088299 0.7976118491320384
3.6351787201662447 -0.6579250417023097
-3.276611718586908 0.11663336173287557
-1.2488256531056363 -0.3419185728093487
-2.1743295899202044 -0.9972374619167058
-3.6831188327012034 0.2723583956244873
-0.2772033196370405 -0.20093255530752746
4.604456455158331 -0.6367940611503353
1.7608438716386772 0.40450188512183566
1.1207496641472634 0.9356423196445197
0.29215383136623974 0.36637184402172923
0.17126422156952437 0.19897313864321164
-4.766973451002155 0.587816620054926
3.5474146218299722 -0.5325991524608106
4.50181066750544 -0.7345927607936278
-3.4305402869347357 0.20626345589573675
0.1241582709671265 0.1390425422512708
-2.0243959319703886 -0.9378626191697234
-0.38613592481471315 -0.24187675853083826
-4.741527390456829 0.5652889863916465
-0.4718951820774482 -0.2621569121720388
3.0694928201318934 0.06686053370803208
-2.3554312471564764 -0.9599782779560665
-1.4093935630823773 -0.4216089811739112
4.964864622284374 -0.37159055620480247
1.6881973563752686 0.45031231140315814
-1.2452136159800409 -0.34057146951895734
1.2331372317995948 0.8511653098002251
-0.5848991492687805 -0.2764208515272375
2.8495092332123697 0.20764743018811654
-2.032309489448181 -0.9426907335034215
-2.2722103383856185 -0.993066753622011
-2.5049913630688634 -0.8360210431523738
-4.983448334222754 0.7916756967606873
1.1837717618116539 0.8913333649407109
4.075726834403536 -0.9999510947658478
-4.81670709020954 0.6334140630338676
4.843449832605156 -0.44109130223948684
0.6905690692971254 0.8895263652336816
4.546564876766485 -0.691719189073776
-1.2981295703546292 -0.36222360373853707
4.188931334030245 -0.9744213816867467
-4.74256572338665 0.5661959322177921
0.40796532393565244 0.5357281959122057
-2.238734492049942 -0.9986713056726408
-0.24780456645214333 -0.1865449292072509
2.193848010887688 0.28426119085481033
1.0928282753855703 0.9521949371687701
4.392551326597772 -0.8357455824913521
4.598033256574517 -0.6428187687907635
3.5878557582813304 -0.5911949366594166
3.6292165278693567 -0.6496640078639564
-0.1721014116199786 -0.1422892252013926
0.6197767699239236 0.8175637983846215
-2.5072190729878754 -0.8336229721738595
0.0693741076689589 0.0741111481847501
4.283959825778956 -0.9214583348776921
0.5663905392222848 0.7541239084378297
-0.2253255589485974 -0.17450930838218406
-1.7772772204965879 -0.7306743206141636
4.326768569204571 -0.8902499148867671
-1.5873072120592946 -0.5543483500268795
0.7051885036730496 0.9024065695339714
-0.08066237164214929 -0.07410206706164349
-3.6978391139279476 0.27391375212140556
1.0714810542160524 0.9633933631945525
-2.0778052035707084 -0.9671013945783057
-0.42374083405146035 -0.25193317536317283
0.3738852807466566 0.4858032573460624
4.639864825311966 -0.6040482001943634
3.913839499675614 -0.9518138146289947
-4.752310380019951 0.5747598063487326
-2.450099046162272 -0.8903621831369332
2.761636051606433 0.24003752288575278
0.11616154880665697 0.12923202561384883
-1.7475472867591257 -0.7021867759217832
-4.9976661529048725 0.8047609513612004
3.257757195288452 -0.12923567671795763
0.7709803424442105 0.9510340970905814
-1.7606347604227746 -0.7147331844980039
2.851379218328902 0.20682410132896104
0.08351813851177692 0.0903538224034904
0.8836388329799547 0.9959932831394435
1.202193184536097 0.8768280232127311
2.4692614739868866 0.2806170992959875
-0.566140596409249 -0.27485450583758614
4.347713845033146 -0.8736565394084919
-3.120201070009397 -0.02184737527299117
-3.0069340780927636 -0.1520896448930866
-3.4736752777508837 0.22388459110172193
1.5823184691905636 0.5306836299701292
-2.7427976643929353 -0.5223276090679408
4.043181184878465 -0.9985390958456444
-1.3267005109650718 -0.375660406477952
4.115256771737933 -0.9962424739913327
-1.766981493490162 -0.7208159827952361
2.1809003903194055 0.28496232164323915
2.6535291172801045 0.26497784399301905
3.8605722764877672 -0.9138863626647066
2.4345985029557298 0.2812315830347723
-4.496185955887362 0.38998310811878284
-2.0224999182288905 -0.9366817756277911
-1.2433497475268886 -0.3398837104850419
2.4950355562930717 0.2798335725554635
2.8805364192973695 0.19321715177844884
4.326811821327269 -0.890216481447431
-1.2757314544064657 -0.35255237637596953
-2.939232022735605 -0.2403773067479347
1.2639083032277423 0.8242887772562406
-3.6178212107978203 0.2629416681047244
0.5745438086305459 0.7642539889776278
0.42120325857042484 0.5550048606895629
1.516568078336162 0.5874970965805759
3.9752822324840107 -0.9822131928067119
1.8293778180245823 0.36869261975900214
0.4284673650871662 0.565540656245751
1.495162057873718 0.606888827538429
-4.404776457312861 0.347460977737222
4.581446416292737 -0.6584723032972136
-1.6816630612914594 -0.6395434348848711
-4.655940515091785 0.4947358997989685
0.19586836022116927 0.23162197404461196
-2.772490997524187 -0.47877795456599087
1.8613119358508499 0.35445595426328924
-1.7873184103146222 -0.740270189777618
-4.994056013055892 0.8014547057827389
1.4790283467928278 0.6217397796432781
-3.044244156674454 -0.10659243973507124
-4.059366403784397 0.28301788817339435
4.161693747031141 -0.9846423278539117
-4.892029455783994 0.7049565343686789
-1.911882174194214 -0.8540799951081148
-4.1142253535516 0.2857064040756539
-3.4675538010181617 0.2215665320159971
-0.5502195341180274 -0.2732999494737214
3.630567708723852 -0.651540352610033
1.0989568857572891 0.9487412879545218
-0.41768737197145533 -0.25044249747528596
4.067113395643874 -0.9999756401800003
4.586746280120824 -0.6534568543399024
-0.511274010542988 -0.26853374415778997
2.055455662612829 0.29858176059912994
-3.5696920222203876 0.2529770077028806
-2.245296188527932 -0.9979200432184083
-1.351963428518148 -0.3885815959639313
-0.18170274404795883 -0.1484973587747616
-2.569698060672345 -0.7609787078106787
-2.7861200426936463 -0.4587606459964681
2.803259989688165 0.2261907248898247
-4.190626662171251 0.2930786274193687
0.9473614722305443 0.9993624353302525
-4.384257325258022 0.33963217828700426
-3.250088821808179 0.09661989998547747
-3.4881190850932944 0.22912241006611353
2.997367098399738 0.12325414849542203
3.1882146757380276 -0.04877470101999477
-3.568712524557258 0.2527445589644472
-0.01123511638480501 -0.011108665370256156
-0.0459982133639949 -0.043869785704562764
0.10847527589901684 0.11990687543200593
-0.515229254853856 -0.26908427383470546
3.950428672253217 -0.971686103470296
3.9638503506589 -0.9776724989824985
-4.971412231587125 0.7804751621146825
-0.14124953352107195 -0.12113223439923512
-2.7363738810801976 -0.531718205896174
-0.2704917931671478 -0.19778040515123868
-2.233883781041076 -0.999118426110722
3.4044885757387373 -0.3244521881480355
2.120354894336412 0.28982729156708775
-4.811329187403995 0.628399334189731
-3.9288304830501763 0.2815395351255409
4.847872623550508 -0.4381651839789989
-0.8316136489530566 -0.2816026485326376
-4.59137552200676 0.4478468908859327
3.93769896453845 -0.9653584451812921
0.08062291586475467 0.08699877770127774
3.4651476955272322 -0.41199308820296515
2.9872458511858415 0.1303405425063739
3.2568498420223904 -0.1281294857218277
-0.7145491202299681 -0.28131225323049547
2.8378808384834375 0.2126365456373353
2.9066499864372393 0.17977013416932938
-0.620682334110322 -0.27869498219350497
-2.154119891437354 -0.9935890108855853
2.6906920940251764 0.25804643387544113
0.6258835546631047 0.8243545895254892
3.166015315830453 -0.025016400060128282
-1.9249135606374024 -0.8650037258631867
-0.3648935830696498 -0.23532383046632216
3.9522183633508785 -0.9725251039252593
-2.6320464158389703 -0.6797903328072525
-4.27062969821325 0.30679079573641943
0.6829637845935892 0.8825436696476536
-4.335875610269961 0.3235432535352307
3.3857700602768297 -0.29802641020098064
0.2914055382273233 0.3652916948828288
4.273403013809242 -0.9285271440195827
-2.605982034002974 -0.7146225177377299
-1.0061272874447704 -0.2883451245588675
0.4505011120127458 0.5972666798930781
-3.4125802375759093 0.19801591157448573
4.842761046840442 -0.44154963136028613
4.881162950088138 -0.41708673961828885
2.379776866643849 0.2815311425107757
4.198933402708645 -0.9700701855070631
-0.45883255886977103 -0.2596605008715581
2.396603587838052 0.2814973348195193
-0.9224377809373854 -0.28317926787275693
-0.43065090665024286 -0.25357675119023687
0.3895659694262763 0.5088118708963106
-1.6198995187567689 -0.5829126156392398
-4.142977939980831 0.28791892544215286
-1.384498645927481 -0.40666975544139017
-1.428507829325226 -0.4337203231702179
-4.59342203083898 0.44924123564743873
1.9525434894514841 0.3219960077041905
-0.29641456539475897 -0.2095319253491768
2.5195541016277314 0.2787644508305819
-3.706657142524692 0.27475613443863484
-2.3940039923072662 -0.9355507415157206
2.6843482237651086 0.2593433552015182
-2.7428000843171354 -0.5223240686378391
-3.7959341326291285 0.280104184404588
-1.3707112015005682 -0.3988054548074519
-4.115474857301526 0.28578993035106226
-2.8601581133008933 -0.3509362296332593
3.8974823812246235 -0.9412789074290889
-4.165737725048815 0.2901348001314063
2.1657958993443236 0.28592004834412516
-4.488642915638314 0.3859918075875367
-2.764065850672167 -0.49114993859589573
1.9296564022376828 0.32903615622998905
-4.798725103539504 0.6167190280567738
-0.13658499441089766 -0.11777129137649459
-1.2017904901996057 -0.3258272435407574
0.43956006761611377 0.5815604353203495
-1.7200445602366408 -0.675877518511895
3.5706586687404975 -0.5664074279592209
2.0939594379336306 0.29289766755763597
0.19696137814674142 0.23309203653987934
3.597366665323438 -0.6047983143379041
4.99505501963162 -0.357813122698487
4.36527295189509 -0.8591671069784333
-4.763021883591062 0.5842784949835417
2.61863274269004 0.2701154914836669
0.3526641889478146 0.45463719337191943
3.1134976777892547 0.02730246266723757
-0.6411169379648305 -0.27962560990524954
0.020757161791259193 0.021186374398811922
-0.032093136932439315 -0.031058525547971023
-1.798347117510859 -0.7507778918200376
-2.978651080342498 -0.18812959976813604
-1.5618395724829348 -0.5328117731467984
0.6577101405765688 0.8580217213019329
-2.6565416066168437 -0.6460845706902438
4.859735109746289 -0.4304618631570482
-0.15241533203109636 -0.1290037078756164
3.253253417421062 -0.12375903876696644
-0.7898572679875553 -0.2815395878602464
0.6665733870010406 0.8668573955654877
-1.2215570740080928 -0.3322106143017296
-1.9080002489145875 -0.8507768834469767
-1.1601238396826572 -0.3140968694615429
-3.8369094972532958 0.28107264979126423
-1.208245841488893 -0.32785256985699207
0.5587873983124148 0.7445465660578068
2.648279744521731 0.26583185911785673
2.284688013794262 0.2817731740829085
-4.4481339463283085 0.3660507148214442
2.0576620780549213 0.29821480054259086
-1.9197096334592132 -0.8606726879970933
-1.9742638642089738 -0.903731084392764
-3.6106185035895 0.26162550521122047
-4.4437817493152965 0.36405720898055605
1.8817000205834304 0.3461639412465041
0.2674705828505619 0.3309605143100453
-4.274709890834167 0.3076823796791304
0.1106149658629274 0.12249240643563672
-0.7408011965348651 -0.28148281284839777
4.324741314619994 -0.8918129377515233
0.03135804501177297 0.03233541220672334
4.899997244313205 -0.4059096233415807
-4.292944258332199 0.3119140407029582
0.03324166260349681 0.03433951132774563
-1.4869022900208173 -0.4740845325831864
2.8210633882250225 0.2194599045340293
2.086662485265844 0.2938610002813254
1.4230192774012167 0.6744746692594218
-0.044488067237735685 -0.042497382181118946
1.6340742490281093 0.48950077637111544
1.0049321103614108 0.9892612125636068
-2.3844663686743806 -0.9421103336530952
-3.949700613563226 0.28154702267440196
-3.038135094073444 -0.1138753303802623
-4.5524251906113875 0.42250145844979203
1.5883799143756052 0.5256864786033676
-3.0082560127482028 -0.15043690253416717
-1.3030876617998102 -0.36446644255412447
-3.552996928599903 0.24884426896221998
1.0077040377303739 0.9884760659596272
4.3924773943921664 -0.8358104105142211
0.12483039575265309 0.1398721081882901
-1.5278268614711257 -0.5052503998828605
-3.4241217969183193 0.20337901883299594
-4.5780629995100135 0.43892826810764535
-2.5906436919799205 -0.7345457672252983
-3.6869111496591422 0.2727774114232004
3.34557733201615 -0.24257620875498798
-1.726662179130102 -0.682194824877542
1.6622146681247258 0.4686059184563013
4.965023771571499 -0.37151429988303303
-3.4866377090011333 0.22860002156246087
-2.190125021027719 -0.9990451229444863
3.470441191404193 -0.41972969272104593
2.5668232840250527 0.2756093821173841
-1.7316438034691917 -0.6869570567018062
-2.729461602791907 -0.5418037413019318
-3.5609168406702874 0.25085029374547513
3.1506133382402 -0.009101929515057255
1.05676194575961 0.9703304829024646
-4.359128894446108 0.33086821985532994
-2.744551403830636 -0.519761307169496
-0.7245446509105857 -0.28139547856242986
-2.4444590799964514 -0.8953990898530387
-0.010308911819093325 -0.010202464916296238
-3.1753328623875774 0.03259646381638129
1.3901503118218628 0.7059204874632463
-0.47763466410497024 -0.2631917451310823
-1.3718955001881383 -0.3994694833940861
3.3588161282075255 -0.26062738715367845
-4.259478821027311 0.30445483472933954
4.6153061269813875 -0.6266715625518009
0.14811386437281993 0.16907553882780704
1.1749198114716712 0.8980750699782075
2.008213313495828 0.30774033561650355
-2.8897143965749903 -0.3088565362336673
-1.6422123817159031 -0.6030379428332562
2.2456926431630118 0.28240045926672924
-0.37495396428556127 -0.2385085383147152
2.7126953197413375 0.25316546610258
-2.0174280527691355 -0.9334780734455932
1.3457397972871838 0.7484049637254866
-4.616863956623042 0.4656496930164888
4.648923755921675 -0.5958181512388943
-0.8273901871757943 -0.2815868811765629
-1.3034172897249374 -0.3646168713714127
4.671880628968687 -0.5752785964402926
4.905691487784843 -0.4026376655711899
-0.6275578479634261 -0.27903554768112016
2.4555083377410387 0.2809140843827959
-4.103435322044842 0.28502983431368095
0.629786888083089 0.8286409887426187
2.2403097095827027 0.2825322421963335
-0.3862045222357482 -0.24189687217632294
4.95561212114921 -0.37609041618917843
-2.7735105623246303 -0.4772804471932637
-0.20239531312556558 -0.16128025183444772
3.108954902308195 0.03156766134672385
-1.4367461141972857 -0.4391103390975549
-0.514231384897256 -0.26894685900912824
4.518622312102016 -0.7184984021902319
3.9778959241121683 -0.9831789625720087
3.845590657258626 -0.9013847915447374
0.8907618571472655 0.9971550859467536
-2.326626835679283 -0.9745077135395797
-0.35794621068907695 -0.23303761742940166
0.09170655728224641 0.09992605090243885
3.2108980989540594 -0.07403320901225971
4.128443601594304 -0.9937232521223087
-2.3082462646282043 -0.9820843797684577
-0.9003787325804389 -0.28250922954029684
-0.0745715010036605 -0.06896610430619421
-3.727357704920038 0.27648658397105025
-0.09132142436620505 -0.08290969689036323
-0.1827156730824644 -0.14914201441053296
4.042080022769808 -0.9984193222798899
3.73573270114467 -0.7879743188996521
-4.063354652952875 0.2831551949515187
4.7772523726602785 -0.48829444957253304
0.07447502197217926 0.07992596160092481
4.554363374053235 -0.6842588262113971
2.201642317502622 0.2838890018123794
0.7220650316549886 0.9163637293058073
-0.23577277240835937 -0.18021635798331279
-0.26733785837001633 -0.1962722969840744
4.257198671572249 -0.938846189947138
4.149843665752808 -0.9883180012543008
1.5716136680081885 0.5396149189919422
3.933138556612338 -0.962938633575456
1.9104265324709075 0.33551074029542105
-2.964863014871421 -0.2061503668169642
4.378812339983243 -0.8476710407543263
4.055527682709416 -0.9995579317510838
2.443974241676697 0.2811074964761844
-1.7487045358211564 -0.7032960097151483
0.6030622030362345 0.798464740078813
-2.93484949985939 -0.2463189761496117
2.5628948630553356 0.27593347485105524
1.4595038676990546 0.6399427376443375
-2.0815324058340856 -0.9688333528538666
-0.61191880009389 -0.27821810387627277
-1.0667960370258998 -0.2955389522133469
-1.4211003087426342 -0.4289610495988055
2.264120732474466 0.2820379727471438
1.4051030241963005 0.6915939738441053
-4.534201730650676 0.41143246607389494
-4.469298641955939 0.3761559566440089
-4.539736269249985 0.4147404608639824
-4.818441963423641 0.6350354741903361
-3.5627220062039635 0.2512959616022981
-3.876388505147909 0.2814566853712597
-2.406655156279144 -0.926334331912403
3.843694144497521 -0.8997470598271003
4.34182241846991 -0.8784032684215535
3.3435412130690114 -0.23981992864387283
-0.6218934447563065 -0.2787570724973362
1.8754657356905717 0.348634325450877
-3.7063728936298377 0.2747299911892614
0.15066283100684696 0.17232637114306185
-3.615121760357034 0.26245531282886064
-2.872090427438745 -0.33385679090288867
0.08682098368779201 0.09420007030035192
3.0535215449083744 0.08024824157163794
-4.69465043357285 0.5255593074728984
3.4652574033873513 -0.41215332180090614
-4.124079277303049 0.2863953287911409
0.6113449575327525 0.808021278906043
1.3488321755467059 0.745460032537088
1.933181636577742 0.32790514324621933
2.689079394973989 0.2583807139469244
2.6651904845680683 0.26297266553009
-0.9572852091794388 -0.2847674580839908
4.907476997094772 -0.40162197452606185
4.560476466009421 -0.678419556164144
-2.7936274299626374 -0.4477402034936147
0.08161220905463473 0.08814345128709775
1.3009155521527571 0.7905836120303439
-3.1629149452062997 0.020866205909050254
4.7048115885376145 -0.5467109654254041
1.7157149414972945 0.4320210140290905
-0.1648697365387184 -0.13749614377505048
1.2471299488651812 0.8390937487924444
0.6106053119660837 0.8071751654047193
4.18022507729437 -0.977951177879264
1.6863512957867606 0.45157963500660586
-2.4884270859014657 -0.8533976255373841
-0.6262614798615314 -0.27897352948533743
1.1186348553064294 0.9369677876120712
-3.5132800617024307 0.2374906632366245
4.1483457368797865 -0.988748415999574
1.4749132848633648 0.6255566248539641
2.3592487522777112 0.2815395129165786
4.851315333069449 -0.43590775270939963
-1.7383211425040401 -0.6933475005585796
2.3687809076459505 0.2815382556766495
4.6658818893819625 -0.5805994638383102
1.1012284509942925 0.9474349796937315
-4.013509651078713 0.28195317870609815
-0.8871814416368409 -0.28221260212132715
4.844109328779897 -0.44065312598964773
-2.0321074882889323 -0.9425695304248227
1.3107372667614312 0.7814430493381664
-3.7257604171232925 0.2763648913404959
3.044651332680001 0.08746121195386615
-2.354715666421703 -0.9603781259589307
0.7964707305572887 0.9655483403391085
2.822480162196541 0.2189027006387978
-4.793634042777743 0.6120321202484585
-2.693463294291556 -0.5938706466461418
-1.36637516283876 -0.39639270522071807
-2.5592205833873427 -0.7738385216894101
-3.608782237075787 0.2612804551145985
-0.23087848126735544 -0.1775674225817342
-3.7673175455013928 0.2789475636940681
-0.29396982208343214 -0.20847205696769056
-2.5414735609321495 -0.7950264717194819
4.976865794398108 -0.3659484350657666
-0.8065628528680637 -0.2815455953295625
-3.1601608639570014 0.018222462916243326
-0.26504916665336253 -0.19516712042952603
-3.4478392189158935 0.2136944218110448
3.5594060710559123 -0.5500774503510375
4.335017649156661 -0.8838097321739938
3.5479108680990343 -0.5333237884260947
0.44930157248287284 0.5955497264156291
0.9326967796425389 0.999974953315324
3.295251312569645 -0.1761603221732622
-3.6639100083951948 0.2700320092405005
-2.746742789467981 -0.5165531729572865
-4.274502594446211 0.3076366010112968
3.8226482992104085 -0.8807619676247915
3.0355681841711597 0.09468329440866859
1.9387199716380765 0.32616279403724413
-2.8933614419159026 -0.3037199982495493
-2.093405887502555 -0.9740646260167625
-0.6477218112064262 -0.2798760499735557
-0.4628247666243981 -0.2604445686411307
-0.3690765655468562 -0.23666595276135796
-0.29166041041675683 -0.20746169752104784
-1.311683406327636 -0.3684430808504648
1.7789299905079146 0.39434993980060357
4.627440664842096 -0.6154395483980238
2.331374090383628 0.2815493113563631
-1.1778519025076606 -0.31880841768943385
1.5941853328486433 0.520942098528516
2.762873087092494 0.23966278716636924
-0.9556976233772918 -0.2846792240901932
-0.14213862341532035 -0.1217679844431703
-1.4441178926946474 -0.44401948676680925
1.275236060620692 0.8141119075931363
0.0035441780817286883 0.003556731728388587
2.4633381189794257 0.2807544218178526
0.44345068502408846 0.5871570554864778
-2.001573475563715 -0.9230534154339416
-4.642600500784836 0.4845689888607652
-2.59360115574189 -0.7307399697787673
4.054335242493645 -0.999485430139565
-3.10639917023697 -0.03642349486913089
2.132671781283804 0.28860476611326447
4.078327753578794 -0.9998878682307653
4.922050682496996 -0.39351532227817876
-0.25376588059117466 -0.18958481309285322
4.944298592458191 -0.3817708394873882
4.373238440189509 -0.852435970668097
0.06636562809394242 0.07070451915639756
0.5983531317891941 0.7929528699707311
2.6817623079418134 0.2598582274091673
3.1429139359707925 -0.0013230277811414311
-1.6483976790000234 -0.6086893114904021
2.1067304934029787 0.2913329307986942
3.3296602521795506 -0.22117776775276146
-4.4031418406277325 0.34681479584228914
-4.975722202513124 0.784497748436733
4.387863507748545 -0.8398424406894509
-1.2588843140112838 -0.34576974446040704
2.9604245341904676 0.14815631891991
-3.196431410687789 0.051811272726958096
-3.5461411326016954 0.24704019828447266
1.2668756939729153 0.8216361990748758
4.926652463882371 -0.39102355450220294
-4.529793402777628 0.40883121968246067
-1.5946019549452242 -0.5606483357952616
-2.6977867246954146 -0.5876674566428249
-0.18560137217256223 -0.1509678215198948
4.2051785002938065 -0.9671961589116173
-3.067341435507079 -0.07966981422639371
1.0021016799187006 0.9900354462231282
1.5819188864629705 0.5310145952964918
-1.1779517849471812 -0.3188361197423373
3.0471711713008904 0.08542827751394869
3.278182155673461 -0.15450899232361714
-1.4615139026984258 -0.4559230792337309
-3.870342708067005 0.28142331634981427
1.6414420071644766 0.4839239754643501
0.1664449999468971 0.1926814221541488
-4.194708760512774 0.2936167074126542
1.5959344930503327 0.5195207344688805
2.0135741834823397 0.3065713237803662
-3.048967541939823 -0.10100746728047243
0.02008549623118938 0.02048743565532706
1.1863737915966341 0.8893226508201103
-2.4474218289441785 -0.8927664188621879
-3.535433707385441 0.24409468280911165
-4.771877331339537 0.5922266086424602
-2.0606343696435347 -0.9585841292048887
-1.0812409743774798 -0.2977744840859005
-3.0866411638797953 -0.057935658077560605
-1.4996046314371014 -0.48351364526865453
2.0514351996488216 0.2992638513652873
-0.8610030036326135 -0.28181565894391547
1.8942448603045534 0.3413651273475763
1.7526575858433393 0.40926245225075963
4.77347461227053 -0.491174425022262
3.7093999165341334 -0.7558946954650189
-3.551057058661493 0.2483402111372775
-2.4186903860249997 -0.9170301737789105
3.0018641302188858 0.12004101476084902
2.252315149408947 0.28225498042096103
1.7766012939938127 0.3956287985464207
-2.7735171857115337 -0.4772707188367533
-1.6877398686226321 -0.6452522585791524
-3.91283346912519 0.2815377160257835
0.3165476963005478 0.4017689040493547
1.450369934354847 0.6485327462463518
3.9612766503578527 -0.9765793070385533
-3.1415470943259427 -4.556133948109529e-05
1.0254566036472665 0.9828253922134124
-0.26776372778481417 -0.1964769397476914
-3.549892525547783 0.24803519462897558
-4.332609259484802 0.3225733215426929
-1.9766777453621032 -0.9055046411548759
-4.729826688853055 0.5551456584548363
1.1911109903969148 0.8856291065774058
1.9182102174158375 0.3328275044761679
-4.535587214687723 0.4122561647217135
3.0149070353129517 0.11049595647856222
-3.0005193261610916 -0.16015071348709048
0.005999377273798956 0.006035332729311437
0.7422116103178498 0.9317048628822531
0.8247252017556583 0.9786961349084479
-2.064761941523 -0.9607110468829695
-4.154804452314348 0.2890161393157983
-2.2629594940935593 -0.9950571809463209
-3.0620695943983 -0.08572830016082181
-2.5572717893215478 -0.7762023484265266
4.218400385025534 -0.9607227495565146
-3.053040394133353 -0.09622417360045431
2.002915566286286 0.3089295559273736
2.1111029200254023 0.2908316999317092
3.496872205209737 -0.4584771614633671
-3.8047197601226515 0.28037345790396095
2.70516586286345 0.25490380017767605
1.7383763476268834 0.4178135985891564
3.405752468633249 -0.3262484555008708
1.6816188104887644 0.45485133030602043
2.055003442905612 0.29865761425702947
0.7112655293609844 0.9075464448839665
-0.7396411043308584 -0.2814782717479638
-2.5834656984684323 -0.743708835627441
-1.643255462786252 -0.6039888954286917
-3.3262532038857238 0.1503742989728588
0.6751241137415134 0.8751481285794637
-2.391010916530675 -0.9376454853353299
-0.1697791625765941 -0.1407610692925379
-3.582484864876557 0.2559009925496068
-1.5703035958541598 -0.5398878258667369
0.8811989314887345 0.9955493515602358
-0.5258685626893067 -0.27048839417242376
0.9948146366576447 0.9918999625523414
0.14476021196999334 0.16481432739577226
2.998736211788926 0.12228013024391346
-4.371762573149511 0.33516254232816023
-2.5287062160975693 -0.809780001807075
-0.48145289019640547 -0.26385964579135446
-0.12623450623107146 -0.11015979201719081
1.2390778545655126 0.8460728908149396
1.1779009295665404 0.8958219010924816
-3.440765107355123 0.21071562478885972
-3.320727697228655 0.14685441844259442
1.3191978615254758 0.7735171903348487
-1.103252382516823 -0.3016077941971888
4.931723239573758 -0.3883156197378667
-4.252617564924689 0.30308951500545284
2.1391444559386983 0.2880128812142832
-4.442637910732639 0.36353803895456605
-2.5813578270261663 -0.746379328713682
-0.17095742348571452 -0.14153772311184312
0.486483567719441 0.64807862516339
2.2157255231165323 0.2833051046592742
3.34450442008049 -0.24112313631629098
3.0900789158022928 0.04884297794612049
1.8093623304580273 0.3784049449614984
-3.2574968358699117 0.1023509032627864
-4.879336674579752 0.6927949012637657
-2.9992145426106687 -0.16179863162683988
2.1473489698045567 0.28731086333422917
-0.7369347899600065 -0.2814667501573023
-1.746277290236483 -0.700969570871792
4.797158977805154 -0.4734426102515261
-0.624041007819816 -0.2788649483855092
-2.7532924017699933 -0.5069564057204904
-2.763219886966363 -0.4923918067694815
-0.10223062889826018 -0.09168693587134898
0.5279246619230413 0.7044729732838625
3.173317687414837 -0.03272532997536685
-4.0655697583293655 0.2832349884322665
-4.854977333214984 0.6695321159886476
-4.633918189020175 0.4780827790201997
-1.3044000941766853 -0.3650663604310171
2.031065585376882 0.3029925532826767
3.6453814199969568 -0.6719461564990505
4.726197451394826 -0.5287935713335358
-1.6885194001264936 -0.6459859728246975
2.8000745685735415 0.22734273481990022
3.539128370802022 -0.520484981435113
-3.6815001076356966 0.27217558681406806
-0.9258502853084263 -0.2833044713903957
-4.610562697952214 0.4611606946548239
-1.0720525815509019 -0.2963275327815587
-1.425857288655672 -0.43200785931541774
0.10919536086652659 0.12077610357907227
-3.014185960081149 -0.14305899709389674
-2.972602244572081 -0.1960002212842858
0.00031772352214520794 0.0003178244650276122
-4.722989405273324 0.549285631841041
-1.7264934964115075 -0.6820336642942599
0.029549233691717802 0.030417444368624844
4.774599916823753 -0.4903145272069685
4.8955074716690135 -0.40852464063752797
-0.7968155767270035 -0.28154048321069985
2.133941437642566 0.2884859678977045
-4.802775616762441 0.6204610661150649
4.839917444924019 -0.44344929114059073
2.514630734526552 0.2790071635375431
-2.2685637664842293 -0.9938917465589654
4.392520257851842 -0.8357728261927726
2.3656686989844635 0.28153898714473313
1.8488071746192656 0.3598477140516318
-2.462238277678759 -0.8791634447903913
-4.071823468941943 0.2834742801774942
-3.158571666663673 0.016689978946532142
2.6176718505314973 0.2702395857552385
-1.6487491489004968 -0.6090113235989146
4.676803891536531 -0.5709373918196192
2.250310907448606 0.2822971274583046
0.5063417694509065 0.675430708352296
-2.1558353436552693 -0.9939559991665451
-3.9998923504760486 0.2817871068881699
-2.4274321550531566 -0.9099500492016511
-0.6339975775283433 -0.27932891179892644
-2.1141722493263737 -0.9821351627965283
-1.698109685397439 -0.6550365500232858
-4.806856824801048 0.6242427317247565
2.7495097998149056 0.24359589571246745
1.9683996702427562 0.31753079347059376
-4.387556554820556 0.34084973575201977
-1.3351092632735595 -0.3798523720539798
-2.256582393814096 -0.9962325044231308
1.9433328099666225 0.3247436048803368
-2.439235242113109 -0.8999687755501593
-0.18003106367303268 -0.1474291683766724
-0.8743371947407859 -0.2819888311482296
4.681824177713356 -0.5665351676762419
-0.4472941197452531 -0.25728748011387115
-3.1540213202233627 0.012273894638116335
1.0730269363890237 0.9626269455819693
1.8774428219577928 0.3478447045498518
0.6409054307065087 0.8406138076301821
-2.064323299149166 -0.9604873758920556
4.52811405003359 -0.70939952916156
-1.4021551299909794 -0.4171674621928214
-4.385630888079437 0.3401371759231388
-3.8427136469626157 0.2811571341719755
-2.875867257139485 -0.3284754680301267
4.253652225437666 -0.9410154432794386
3.4755588978988197 -0.4272186304254163
1.40917445188804 0.6876977950224504
-4.704305566710901 0.5335380341494823
4.163175221688075 -0.9841493302084032
-2.0082275287560503 -0.9275028345413843
1.2608279998896847 0.8270318387569018
-0.3970197117646297 -0.2449855550002619
1.6202679858844178 0.5001483784477181
-4.587035263200249 0.44491023888935
1.3345081752199208 0.7590711900946189
-1.0628343664110194 -0.29496313752837633
-2.853588065546097 -0.3603873023502179
-1.8472310496684443 -0.7966427276340204
-0.5365713198461144 -0.27179127700684713
-1.4686796354963305 -0.46095518709108774
0.6319082387693262 0.8309525753939634
2.134196578873153 0.28846225491352595
-1.5057736714135372 -0.4881734608917079
-3.424443832723875 0.20352540114162174
-0.764268031723577 -0.28153349659932836
-1.1185449637347755 -0.30458879187644855
1.3954742938575126 0.7008172548452064
1.9377318328171311 0.3264705793447273
-1.4481699386480362 -0.4467523147544676
-0.9839038588931173 -0.2865001987808605
3.1591820914537845 -0.01789783860125768
3.524707199567347 -0.499350738773445
3.1256410959565883 0.01569648240330997
1.662951536590617 0.46807370655204605
-1.7855885724034781 -0.7386187739483148
2.3583354600614683 0.28153952486490114
3.6367291087634843 -0.6600652481567998
2.662531618483941 0.2634431577776231
-1.5082524438154876 -0.49006043557928275
-1.8497558690907256 -0.7989676208302594
-3.025322553368246 -0.12936446014656328
-1.3599902315533994 -0.3928926090233445
1.394707590226644 0.7015520661573672
4.514896733731764 -0.7220682941002973
0.4981339053271796 0.6641934364089545
-4.237370368649874 0.30024673166680643
0.366899142780178 0.4755429268945924
4.696184399140591 -0.5540850513949521
-4.356870476361459 0.33012412297181615
-2.4652348618652153 -0.8763250714068411
2.323147579207899 0.2815626130877894
2.9234542181781817 0.17046745043080516
0.6595095138783611 0.8598351475489696
-1.7499007030528646 -0.7044426229267021
2.4414390352013484 0.28114382659592374
0.9670604079057199 0.9972665078609942
4.160721873869029 -0.9849617312767421
-1.2588761558937134 -0.3457665611585731
-0.9907000058342854 -0.2870238917826274
-2.28203039428025 -0.9905834550625203
1.5037943645746532 0.599023337008801
-4.27439846437085 0.30761362475373377
1.2788026557154542 0.8108801723007235
3.4113323267568294 -0.3341955225450178
4.917572064882769 -0.39597173396615243
-4.712319951036804 0.5402442223973851
2.6042639367545197 0.2718794227510739
-2.8603027242693058 -0.35072856523195256
1.9047132311654362 0.3375349445484463
1.8353255256660805 0.36592428728298365
3.916652839124403 -0.9535240736831762
4.781858150896946 -0.4848095157597148
-1.1715541587993341 -0.31708810547965
0.910496979731561 0.9993338896323404
-0.19308013841575988 -0.15562602332481812
-4.3187206895014345 0.3186080469294775
-1.5898497227268784 -0.5565377602941509
2.370700886821645 0.28153757843752414
-3.194094226241637 0.049727172203743786
1.6009379291763937 0.5154759322100008
-2.6681653953903153 -0.6298094436184555
3.5160373879576365 -0.486624766931719
3.476978875196293 -0.4292979810024038
3.3269242260807257 -0.21753463505071002
-1.2323459276100666 -0.3359249351497383
2.0648010227198004 0.29706282711482196
2.1363316099806617 0.28826591032127
2.353656231371282 0.28153954160394457
-2.956973874098744 -0.21658725717366817
-2.1042348211420157 -0.9784474887162863
2.3382848149064275 0.28154320575237685
3.907528816936214 -0.9478685137695495
-0.24744599965147884 -0.18636007156636455
3.362452750403138 -0.26562416142272743
4.180476384598004 -0.9778527013057269
-2.108418846073634 -0.9800395838530143
0.2592298876955166 0.31925018174844894
3.469936922275835 -0.41899224776498684
4.2685837286697055 -0.9316646580923444
-2.9530385519392888 -0.22182666803888507
-0.37589337347255913 -0.23879840277723027
-1.0398796448360024 -0.2919295871520447
4.887265443273776 -0.41340568297642943
1.424039066201833 0.6735026127978609
4.455365393650258 -0.7786046332794759
-3.8301430800835687 0.28095947721916653
4.092648720162318 -0.9990797852473943
-3.5494483627634743 0.24791837855151272
-0.8931854481029964 -0.2823386593606172
0.714009876125699 0.9098257109925966
-2.008321072454157 -0.9275646285886641
4.604606495206967 -0.6366536025081834
-1.5971776185453948 -0.5628860637337615
-3.266038126520412 0.10882263899841098
2.2856468941927552 0.281763906746238
4.848047652458199 -0.43804998657680355
-4.837534282006688 0.6529867775074019
0.000968006142544553 0.0009689430265283692
-2.4962263502848447 -0.8453168037663827
-1.3218028677596583 -0.3732687222774556
2.5969962050663753 0.2726986267602734
-4.0076185348700255 0.28187437502595536
4.6012753728999165 -0.6397749740729805
0.41146764228530675 0.5408367331222015
-2.1864756357685664 -0.9987100001451112
4.885979599618151 -0.4141765702666472
-2.8752204047307672 -0.32939623773112614
2.803253639016095 0.22619303723711764
-4.612767795145248 0.46272510063080463
-1.5921900754817142 -0.558559150304681
-2.2743345384362232 -0.9925619350212577
-2.963049199040838 -0.20854198087520065
0.17719439015298288 0.20676270945434558
4.618547581507476 -0.6236615462844074
0.32875994292548505 0.41960012482119086
2.6461736670796254 0.26616617479598415
4.3300188196053835 -0.8877276046617419
-4.528732348200457 0.4082095725810477
4.7430514901128635 -0.5150566271780225
-2.2990214349478344 -0.9853850313609197
-2.6210914897552007 -0.6945709635480672
0.5138437542658387 0.6856117881453485
-1.1504054690888408 -0.3116843840409858
2.0558925642210575 0.298508684345796
-4.273482827119031 0.3074121505569943
-4.42903616001554 0.35751571300747687
2.19472524796719 0.2842174796728669
2.4534831143401377 0.28095152858495354
3.201594281628852 -0.06355464214994008
-0.30735810481958037 -0.2141550016235427
2.2811545564509883 0.2818095203851842
1.5051702356650054 0.5977752185089241
-2.751969255473685 -0.5088960485294555
0.4781516731431088 0.63644424947495
3.7613484224917446 -0.8175402688095388
3.259123775536505 -0.13090442373497285
-2.5004044013766347 -0.8409137109232233
4.443634402623786 -0.7895390769465126
-2.176787860495496 -0.9975795842385323
-4.112707984876776 0.2856064398026052
-3.145659220813881 0.004050019274329529
-4.752898697169918 0.5752798036368812
2.451252250605849 0.2809910137273121
-1.4387334268492937 -0.44042578721556624
0.7326206634741785 0.9245835802505087
-4.71267890165832 0.5405463142131012
3.710993273362547 -0.7578809907974955
4.529982074375562 -0.7076086254753196
-3.72946979300264 0.27664456654029657
4.72620519634512 -0.5287871793569636
-4.350039937549324 0.32791669161156056
-3.004991213488845 -0.15452396922665654
1.1643931151207845 0.9058864066920062
-4.775551619215001 0.5955444142917473
0.7519427248112702 0.9385870562930719
0.3886697635884655 0.5074981277015241
1.885204303955403 0.3448003575233378
-4.376265884550906 0.33674778599161986
-3.1665903365199877 0.024370515918124804
1.7097842988945686 0.43586750997804274
-0.19907536592331 -0.159283796443686
4.601022069738974 -0.6400125786582844
3.718021152906113 -0.7665743969482068
4.959530743104256 -0.37416865441604213
-2.9872923360881543 -0.17698333864756793
0.516274699879677 0.6888916622041052
-0.1509561950066276 -0.1279889551925383
0.8080939589383238 0.9713345600974965
2.6978053858602857 0.25653424382789586
0.148496350158144 0.1695626808475163
2.217132685085353 0.2832527225745676
2.6122800522004965 0.2709194426223376
-2.187742582642981 -0.9988319935988759
-3.824671819384722 0.28085564942777
-4.2916894468212 0.31160970039176644
-0.343033154709806 -0.2278851659604282
-2.0506270340609034 -0.9532239214567174
-4.146056876872615 0.2881935830497793
-1.778605050383144 -0.7319445169868504
3.207381791538621 -0.07005368255692995
-2.7831356326475962 -0.4631432977726949
2.6713442234177753 0.26185308436109056
-0.6069970701157459 -0.27792840717097306
4.994470373165434 -0.3580668605477217
-1.3359940555955774 -0.3802997692867643
-2.7967093846811397 -0.4432185447638065
-3.212741913884737 0.06604746534289209
-3.027435622602618 -0.12679015852691286
-0.06092030805746074 -0.057182404353671334
1.992211872850433 0.31143691934687373
-3.0232161894552156 -0.13193829823560738
3.99512071940908 -0.9888681544340763
2.9066686511337636 0.17976008662845844
-1.194235332692648 -0.3235290085814212
-0.5122191948642936 -0.2686667328187127
1.4893693619464337 0.6121992590470081
4.4534514258426 -0.7803950530967578
1.3842076717483014 0.7116177380621656
-3.8907773677465354 0.2815091591023699
-1.8447196106655026 -0.7943249426131063
1.7734955562376173 0.3973473923123638
2.470884700725426 0.2805768632969709
-1.4504882821035192 -0.4483268112520341
3.889971195117109 -0.9361067556871006
3.000345856302758 0.12113027543295572
-2.1559643584786903 -0.9939831736556662
2.5404770771029606 0.2775608276840736
-0.1464007419391109 -0.12479404901265047
2.1772946088071388 0.2851768655216417
1.0520166451660788 0.9724253010797939
4.68922919527561 -0.5600883072178879
4.639148551565661 -0.6047017425139518
2.565432416332839 0.27572550784869265
-0.9354813304909202 -0.2836916789919853
3.9766565712437245 -0.982724379073964
2.3465574176226838 0.28154010367958
3.157324856094661 -0.01597900422121105
-0.16892012968452086 -0.14019314708569316
-2.0153882174443405 -0.9321713491796487
3.5360646933485285 -0.5159998963632985
2.0698058187434656 0.29628698744702564
-3.0569255616632063 -0.09168953518828636
3.454537297339895 -0.39652038334873174
-1.5473085020548236 -0.5208616980283401
1.1580320879693122 0.9104936343937973
4.4177864001158 -0.8132453800236921
-0.9248479126450793 -0.2832670594644722
3.9940675520471007 -0.988554000401029
1.5161213275292322 0.5878978401851042
-2.9602994264617455 -0.21217680948983483
4.251304430013988 -0.9424334328190521
3.144365264413297 -0.0027802945926077385
1.855013246316294 0.35714252043469463
2.210260383188846 0.2835186178459536
-0.4101050025585966 -0.24850722172410297
4.48969531330982 -0.746155049513709
3.0368001814398706 0.0937134352050907
-4.871958736238656 0.6857351223901843
-2.7767305592098124 -0.47255084704841366
1.955487400552805 0.32114182698772414
-1.8818144933470338 -0.8279642553070229
4.160897745780687 -0.9849041673623752
-2.460002978204926 -0.8812618065888899
4.093805581735786 -0.9989807363562253
-2.360757016135829 -0.9569406722606276
-4.468913658343415 0.3759660343225157
2.428278377509531 0.2813001690732692
0.9973905718209695 0.9912621556331438
0.19658038050606308 0.23257942751460833
1.9766379269941865 0.3153406128605422
1.884499838667332 0.34507303682908974
3.466120401620202 -0.4134139367544499
2.9281242520565867 0.16779016235655084
3.3075819510327626 -0.1920882942370608
-4.938250421443514 0.7491709629647931
-4.067452391402501 0.28330482672464863
-3.889439243161581 0.2815056669770642
1.7501998891208768 0.41071177038070544
0.6154433875449419 0.8126833822175635
3.5400739862396513 -0.5218687021911487
-4.387100837642252 0.3406806222193146
-4.9105709550324 0.722729048553972
1.8733940138680483 0.34946792203214416
-2.516888833629427 -0.8230507229617592
4.557088221377883 -0.6816549566163167
-2.403319062655447 -0.9288212398505921
3.0702144669901905 0.06624344358647033
3.742583623506736 -0.7960473308814042
-2.354184230358788 -0.9606738053062539
-4.95568302256639 0.7656965926883315
1.8717256573352241 0.350143821755286
-1.2707205747250527 -0.3504912219792891
1.6553342231705397 0.4736125935279846
3.0227644979980894 0.1045827682610578
1.7584474411693591 0.40588481486849937
-4.900599895322206 0.7131729802515364
2.683625707726282 0.25948801125910265
-0.15078338927310853 -0.1278685020703844
3.8080680611889353 -0.8667610569720658
-0.3885626680564682 -0.24258427720916126
-0.04974575670393122 -0.04725555167723897
4.253233986713443 -0.9412691050070745
3.31720877935099 -0.2046845214455565
-0.24543849670148887 -0.18532087995575028
1.8305744411486913 0.36813133663113
-0.07149328686397283 -0.06634193805063036
0.8296356398415199 0.9806619125335824
-2.8037722177500948 -0.43286386152824224
-3.6465397823732837 0.2676201714503753
0.04980373361687995 0.052258280485492956
-3.153332033266538 0.011601312718819042
-4.6173525754389395 0.46600016570906966
-0.7829025350835428 -0.2815395211997484
0.8417886264258616 0.985118074553516
2.1287340558384056 0.28898169760623094
-1.0788336423957245 -0.2973868602978319
-4.157232467918826 0.28925574485756156
-3.542832050288002 0.24614667791476477
-3.7899334020742 0.2798983340258892
4.608580176565164 -0.6329384023161546
-1.1957645972721584 -0.3239879602767969
3.946367474034613 -0.9697358601156301
3.501913687690358 -0.46588093761147537
-3.2446082769076257 0.09230929142074841
-4.388784071530626 0.3413067510357874
-0.24593143186105504 -0.18557671539162018
2.3537397126560835 0.2815395406053353
3.193018916976367 -0.054042253078848405
4.260308314830304 -0.9369173516041318
-4.224591076406119 0.29806132831835
4.479785454694797 -0.7555776513760799
-4.859488676543348 0.6738289864040043
1.5219494911277671 0.5826839239082773
2.1590279089538953 0.286401070944751
1.6792548387251394 0.45649787151381427
-0.6078178679562951 -0.2779778394440035
4.647893084286794 -0.5967511322816408
-4.011436012740567 0.28192417257130353
2.8099136252082877 0.22373357482682862
-4.019384125390461 0.28204317410620966
-2.8182006011179994 -0.41175504305307764
2.104977180746239 0.29153879849998554
-4.504662305779342 0.3945728448528438
2.185850527063331 0.28468167543695994
-2.9159460668556783 -0.27222504709285755
3.1310928529360886 0.010389371979021305
4.064780326022694 -0.9999332234971793
-2.431050685739816 -0.9069411498019595
-1.2393599096703256 -0.338428279073531
3.2082981666700974 -0.0710885309197544
-0.2222935949949072 -0.1728157687362639
1.1255220759083793 0.9326096263568391
1.2462254773133665 0.8398819595668827
-2.7704780186149316 -0.48173442396716765
-3.93038271451334 0.2815395561060786
-3.4053893314645367 0.19455845451822887
-1.4184975758162177 -0.42730850319154573
2.638529603217669 0.26734018031818507
4.019512414523485 -0.9949157181291055
1.116298430943706 0.9384188558299806
4.761895013917535 -0.5001215533932087
1.8257916154895781 0.3703878047334914
-0.7502997554875792 -0.2815118787148235
-4.699107192681204 0.5292284161161618
2.712801790409328 0.25314036770784853
-4.902189031257813 0.714696390447235
0.10355693152191403 0.11399434712377789
1.959246755358814 0.32006780490574105
3.268475817024944 -0.14241047767068102
-1.1639527400772245 -0.31508019352787786
0.3385453928904365 0.4339261587195755
-4.537168938210737 0.41320012962291053
3.3868512940997206 -0.2995433522793697
0.09957811789519067 0.10924272983813696
-4.233668193449505 0.2995954187654764
-1.838569918410764 -0.788628446861659
1.4100583496534647 0.6868523257183834
-0.10203868738975608 -0.0915345734341145
-3.331069533908886 0.15339495520696766
-1.360876585949231 -0.39337473613937135
4.795388108671352 -0.4747414553730504
-4.392203400214472 0.34259129343808853
-1.849458343875745 -0.7986939331064133
-1.0472066607843669 -0.29284293508860587
-3.346594403127927 0.16283316278123308
1.3247670580700879 0.7682766210008409
-2.415277904814767 -0.9197208206159483
-2.962468299920701 -0.20930893974505532
-4.90486950300964 0.7172657349166487
-0.5663234301486888 -0.2748711250470193
-4.4308078497592005 0.35828438260087003
1.556504892594372 0.5524427961977456
1.8417249540093756 0.36300563175070244
4.955870398594103 -0.375963028751518
0.5165454145435442 0.6892563195823007
-1.9512586916920451 -0.8862378241537706
1.9274322565040514 0.32975858104253125
-3.8376413052642464 0.28108392505761787
-1.4631902414602846 -0.45709359723431997
4.115348200332749 -0.9962271765898283
3.2486460994207462 -0.11819324171941016
2.7613478373049505 0.24012451711366084
2.4877150594404887 0.28008892081570874
0.8811999205110252 0.9955495362668493
-3.313279415774465 0.14201712743851963
-0.3054933968446738 -0.21338118786683452
2.743445771367491 0.24529811106227076
0.8472440410362463 0.9869286008177357
1.359938043989363 0.7348603735903805
-3.5742044735561684 0.2540320232625565
3.4817838373061214 -0.4363382705837495
-1.3369975948559465 -0.3808086660938341
4.061865445737295 -0.9998507278468742
-1.584741978627866 -0.5521463964989941
1.976204916133529 0.3154535520247521
0.49731195810545437 0.6630626934634508
-4.288481484206541 0.31084055505004365
-0.5921704621554147 -0.2769555467817217
